cycle,population,no_active,no_passive,uptake_active,uptake_passive,metabolite_active,metabolite_passive
1,2,1,1,1,1,1,1
2,2,1,1,1,1,1,1
3,2,1,1,1,1,1,1
4,2,1,1,1,1,1,1
5,2,1,1,1,1,1,1
6,2,1,1,1,1,1,1
7,2,1,1,1,1,1,1
8,2,1,1,1,1,1,1
9,2,1,1,1,1,1,1
10,2,1,1,1,1,1,1
11,2,1,1,1,1,1,1
12,2,1,1,1,1,1,1
13,2,1,1,1,1,1,1
14,2,1,1,1,1,1,1
15,2,1,1,1,1,1,1
16,2,1,1,1,1,1,1
17,2,1,1,1,1,1,1
18,2,1,1,1,1,1,1
19,2,1,1,1,1,1,1
20,2,1,1,1,1,1,1
21,2,1,1,1,1,1,1
22,2,1,1,1,1,1,1
23,2,1,1,1,1,1,1
24,2,1,1,1,1,1,1
25,2,1,1,1,1,1,1
26,2,1,1,1,1,1,1
27,2,1,1,1,1,1,1
28,2,1,1,1,1,1,1
29,2,1,1,1,1,1,1
30,2,1,1,1,1,1,1
31,2,1,1,1,1,1,1
32,2,1,1,1,1,1,1
33,2,1,1,1,1,1,1
34,4,2,2,0,4,0,4
35,4,2,2,0,4,0,4
36,4,2,2,0,4,0,4
37,4,2,2,0,4,0,4
38,4,2,2,0,4,0,4
39,4,2,2,0,4,0,4
40,4,2,2,0,4,0,4
41,4,2,2,0,4,0,4
42,4,2,2,0,4,0,4
43,4,2,2,0,4,0,4
44,4,2,2,0,4,0,4
45,4,2,2,0,4,0,4
46,4,2,2,0,4,0,4
47,4,2,2,0,4,0,4
48,4,2,2,0,4,0,4
49,4,2,2,0,4,0,4
50,4,2,2,0,4,0,4
51,4,2,2,0,4,0,4
52,4,2,2,0,4,0,4
53,4,2,2,0,4,0,4
54,4,2,2,0,4,0,4
55,4,2,2,0,4,0,4
56,4,2,2,0,4,0,4
57,4,2,2,0,4,0,4
58,4,2,2,0,4,0,4
59,4,2,2,0,4,0,4
60,4,2,2,0,4,0,4
61,4,2,2,0,4,0,4
62,4,2,2,0,4,0,4
63,4,2,2,0,4,0,4
64,4,2,2,0,4,0,4
65,4,2,2,0,4,0,4
66,4,2,2,0,4,0,4
67,4,2,2,0,4,0,4
68,8,4,4,2,6,0,8
69,8,4,4,2,6,0,8
70,8,4,4,2,6,0,8
71,8,4,4,2,6,0,8
72,8,4,4,2,6,0,8
73,8,4,4,2,6,0,8
74,8,4,4,2,6,0,8
75,8,4,4,2,6,0,8
76,8,4,4,2,6,0,8
77,8,4,4,2,6,0,8
78,8,4,4,2,6,0,8
79,8,4,4,2,6,0,8
80,8,4,4,2,6,0,8
81,8,4,4,2,6,0,8
82,8,4,4,2,6,0,8
83,8,4,4,2,6,0,8
84,8,4,4,2,6,0,8
85,8,4,4,2,6,0,8
86,8,4,4,2,6,0,8
87,8,4,4,2,6,0,8
88,8,4,4,2,6,0,8
89,8,4,4,2,6,0,8
90,8,4,4,2,6,0,8
91,8,4,4,2,6,0,8
92,8,4,4,2,6,0,8
93,10,6,4,0,10,0,10
94,10,6,4,0,10,0,10
95,10,6,4,0,10,0,10
96,10,6,4,0,10,0,10
97,10,6,4,0,10,0,10
98,10,6,4,0,10,0,10
99,10,6,4,0,10,0,10
100,10,6,4,0,10,0,10
101,16,8,8,0,16,0,16
102,16,8,8,0,16,0,16
103,16,8,8,0,16,0,16
104,16,8,8,0,16,0,16
105,16,8,8,0,16,0,16
106,16,8,8,0,16,0,16
107,16,8,8,0,16,0,16
108,16,8,8,0,16,0,16
109,16,8,8,0,16,0,16
110,16,8,8,0,16,0,16
111,16,8,8,0,16,0,16
112,16,8,8,0,16,0,16
113,16,8,8,0,16,0,16
114,16,8,8,0,16,0,16
115,16,8,8,0,16,0,16
116,16,8,8,0,16,0,16
117,16,8,8,0,16,0,16
118,16,8,8,0,16,0,16
119,16,8,8,0,16,0,16
120,16,8,8,0,16,0,16
121,16,8,8,0,16,0,16
122,16,8,8,0,16,0,16
123,16,8,8,0,16,0,16
124,16,8,8,0,16,0,16
125,16,8,8,0,16,0,16
126,16,8,8,0,16,0,16
127,20,12,8,4,16,2,18
128,20,12,8,4,16,2,18
129,20,12,8,4,16,2,18
130,20,12,8,4,16,2,18
131,20,12,8,4,16,2,18
132,20,12,8,4,16,2,18
133,20,12,8,4,16,2,18
134,20,12,8,4,16,2,18
135,32,16,16,8,24,2,30
136,32,16,16,8,24,2,30
137,32,16,16,8,24,2,30
138,32,16,16,8,24,2,30
139,32,16,16,8,24,2,30
140,32,16,16,8,24,2,30
141,32,16,16,8,24,2,30
142,32,16,16,8,24,2,30
143,32,16,16,8,24,2,30
144,32,16,16,8,24,2,30
145,32,16,16,8,24,2,30
146,32,16,16,8,24,2,30
147,32,16,16,8,24,2,30
148,32,16,16,8,24,2,30
149,32,16,16,8,24,2,30
150,32,16,16,8,24,2,30
151,32,16,16,8,24,2,30
152,36,20,16,4,32,2,34
153,36,20,16,4,32,2,34
154,36,20,16,4,32,2,34
155,36,20,16,4,32,2,34
156,36,20,16,4,32,2,34
157,36,20,16,4,32,2,34
158,36,20,16,4,32,2,34
159,36,20,16,4,32,2,34
160,42,24,18,4,38,2,40
161,42,24,18,4,38,2,40
162,42,24,18,4,38,2,40
163,42,24,18,4,38,2,40
164,42,24,18,4,38,2,40
165,42,24,18,4,38,2,40
166,42,24,18,4,38,2,40
167,42,24,18,4,38,2,40
168,62,30,32,12,50,4,58
169,62,30,32,12,50,4,58
170,62,30,32,12,50,4,58
171,62,30,32,12,50,4,58
172,62,30,32,12,50,4,58
173,62,30,32,12,50,4,58
174,62,30,32,12,50,4,58
175,62,30,32,12,50,4,58
176,62,30,32,12,50,4,58
177,64,32,32,14,50,2,62
178,64,32,32,14,50,2,62
179,64,32,32,14,50,2,62
180,64,32,32,14,50,2,62
181,64,32,32,14,50,2,62
182,64,32,32,14,50,2,62
183,64,32,32,14,50,2,62
184,64,32,32,14,50,2,62
185,68,36,32,10,58,2,66
186,76,44,32,12,64,4,72
187,76,44,32,12,64,4,72
188,76,44,32,12,64,4,72
189,76,44,32,12,64,4,72
190,76,44,32,12,64,4,72
191,76,44,32,12,64,4,72
192,76,44,32,12,64,4,72
193,84,44,40,6,78,4,80
194,92,48,44,14,78,4,88
195,92,48,44,14,78,4,88
196,92,48,44,14,78,4,88
197,92,48,44,14,78,4,88
198,92,48,44,14,78,4,88
199,92,48,44,14,78,4,88
200,92,48,44,14,78,4,88
201,92,48,44,14,78,4,88
202,124,62,62,28,96,6,118
203,124,62,62,28,96,6,118
204,124,62,62,28,96,6,118
205,124,62,62,28,96,6,118
206,124,62,62,28,96,6,118
207,124,62,62,28,96,6,118
208,124,62,62,28,96,6,118
209,124,62,62,28,96,6,118
210,124,62,62,28,96,6,118
211,128,66,62,26,102,6,122
212,128,66,62,26,102,6,122
213,128,66,62,26,102,6,122
214,128,66,62,26,102,6,122
215,128,66,62,26,102,6,122
216,128,66,62,26,102,6,122
217,128,66,62,26,102,6,122
218,132,66,66,24,108,4,128
219,160,90,70,28,132,4,156
220,160,90,70,28,132,4,156
221,160,90,70,28,132,4,156
222,160,90,70,28,132,4,156
223,160,90,70,28,132,4,156
224,160,90,70,28,132,4,156
225,160,90,70,28,132,4,156
226,160,90,70,28,132,4,156
227,198,100,98,30,168,8,190
228,198,100,98,30,168,8,190
229,198,100,98,30,168,8,190
230,198,100,98,30,168,8,190
231,198,100,98,30,168,8,190
232,198,100,98,30,168,8,190
233,198,100,98,30,168,8,190
234,198,100,98,30,168,8,190
235,242,118,124,54,188,12,230
236,246,122,124,56,190,10,236
237,246,122,124,56,190,10,236
238,246,122,124,56,190,10,236
239,246,122,124,56,190,10,236
240,246,122,124,56,190,10,236
241,246,122,124,56,190,10,236
242,246,122,124,56,190,10,236
243,246,122,124,56,190,10,236
244,262,136,126,46,216,10,252
245,266,140,126,48,218,10,256
246,266,140,126,48,218,10,256
247,266,140,126,48,218,10,256
248,266,140,126,48,218,10,256
249,266,140,126,48,218,10,256
250,266,140,126,48,218,10,256
251,266,140,126,48,218,10,256
252,304,154,150,56,248,14,290
253,338,182,156,74,264,16,322
254,338,182,156,74,264,16,322
255,338,182,156,74,264,16,322
256,338,182,156,74,264,16,322
257,338,182,156,74,264,16,322
258,338,182,156,74,264,16,322
259,338,182,156,74,264,16,322
260,378,192,186,74,304,16,362
261,416,210,206,96,320,18,398
262,416,210,206,96,320,18,398
263,416,210,206,96,320,18,398
264,416,210,206,96,320,18,398
265,416,210,206,96,320,18,398
266,416,210,206,96,320,18,398
267,416,210,206,96,320,18,398
268,416,210,206,96,320,18,398
269,484,238,246,128,356,18,466
270,490,244,246,126,364,18,472
271,490,244,246,126,364,18,472
272,490,244,246,126,364,18,472
273,490,244,246,126,364,18,472
274,490,244,246,126,364,18,472
275,490,244,246,126,364,18,472
276,490,244,246,126,364,18,472
277,518,252,266,108,410,14,504
278,570,296,274,116,454,20,550
279,570,296,274,116,454,20,550
280,570,296,274,116,454,20,550
281,570,296,274,116,454,20,550
282,570,296,274,116,454,20,550
283,570,296,274,116,454,20,550
284,570,296,274,116,454,20,550
285,604,302,302,104,500,18,586
286,718,378,340,148,570,18,700
287,718,378,340,148,570,18,700
288,718,378,340,148,570,18,700
289,718,378,340,148,570,18,700
290,718,378,340,148,570,18,700
291,718,378,340,148,570,18,700
292,718,378,340,148,570,18,700
293,718,378,340,148,570,18,700
294,858,432,426,202,656,28,830
295,860,434,426,202,658,28,832
296,860,434,426,202,658,28,832
297,860,434,426,202,658,28,832
298,860,434,426,202,658,28,832
299,860,434,426,202,658,28,832
300,860,434,426,202,658,28,832
301,860,434,426,202,658,28,832
302,966,468,498,256,710,28,938
303,1002,498,504,248,754,34,968
304,1006,502,504,250,756,34,972
305,1006,502,504,250,756,34,972
306,1006,502,504,250,756,34,972
307,1006,502,504,250,756,34,972
308,1006,502,504,250,756,34,972
309,1006,502,504,250,756,34,972
310,1018,508,510,242,776,34,984
311,1182,602,580,260,922,36,1146
312,1218,634,584,284,934,36,1182
313,1218,634,584,284,934,36,1182
314,1218,634,584,284,934,36,1182
315,1218,634,584,284,934,36,1182
316,1218,634,584,284,934,36,1182
317,1218,634,584,284,934,36,1182
318,1218,634,584,284,934,36,1182
319,1406,714,692,306,1100,46,1360
320,1512,794,718,366,1146,52,1460
321,1512,794,718,366,1146,52,1460
322,1512,794,718,366,1146,52,1460
323,1512,794,718,366,1146,52,1460
324,1512,794,718,366,1146,52,1460
325,1512,794,718,366,1146,52,1460
326,1512,794,718,366,1146,52,1460
327,1658,842,816,386,1272,68,1590
328,1784,904,880,438,1346,64,1720
329,1786,906,880,440,1346,66,1720
330,1786,906,880,440,1346,66,1720
331,1786,906,880,440,1346,66,1720
332,1786,906,880,440,1346,66,1720
333,1786,906,880,440,1346,66,1720
334,1786,906,880,440,1346,66,1720
335,1786,906,880,440,1346,66,1720
336,1786,906,880,440,1346,66,1720
337,1786,906,880,440,1346,66,1720
338,1786,906,880,440,1346,66,1720
339,1786,906,880,440,1346,66,1720
340,1786,906,880,440,1346,66,1720
341,1786,906,880,440,1346,66,1720
342,1786,906,880,440,1346,66,1720
343,1786,906,880,440,1346,66,1720
344,1786,906,880,440,1346,66,1720
345,1786,906,880,440,1346,66,1720
346,1786,906,880,440,1346,66,1720
347,1786,906,880,440,1346,66,1720
348,1786,906,880,440,1346,66,1720
349,1786,906,880,440,1346,66,1720
350,1786,906,880,440,1346,66,1720
351,1786,906,880,440,1346,66,1720
352,1786,906,880,440,1346,66,1720
353,1786,906,880,440,1346,66,1720
354,1786,906,880,440,1346,66,1720
355,1786,906,880,440,1346,66,1720
356,1786,906,880,440,1346,66,1720
357,1786,906,880,440,1346,66,1720
358,1786,906,880,440,1346,66,1720
359,1786,906,880,440,1346,66,1720
360,1786,906,880,440,1346,66,1720
361,1786,906,880,440,1346,66,1720
362,1786,906,880,440,1346,66,1720
363,1786,906,880,440,1346,66,1720
364,1786,906,880,440,1346,66,1720
365,1786,906,880,440,1346,66,1720
366,1786,906,880,440,1346,66,1720
367,1786,906,880,440,1346,66,1720
368,1786,906,880,440,1346,66,1720
369,1786,906,880,440,1346,66,1720
370,1786,906,880,440,1346,66,1720
371,1786,906,880,440,1346,66,1720
372,1786,906,880,440,1346,66,1720
373,1786,906,880,440,1346,66,1720
374,1786,906,880,440,1346,66,1720
375,1786,906,880,440,1346,66,1720
376,1786,906,880,440,1346,66,1720
377,1786,906,880,440,1346,66,1720
378,1786,906,880,440,1346,66,1720
379,1786,906,880,440,1346,66,1720
380,1786,906,880,440,1346,66,1720
381,1786,906,880,440,1346,66,1720
382,1786,906,880,440,1346,66,1720
383,1786,906,880,440,1346,66,1720
384,1786,906,880,440,1346,66,1720
385,1786,906,880,440,1346,66,1720
386,1786,906,880,440,1346,66,1720
387,1786,906,880,440,1346,66,1720
388,1786,906,880,440,1346,66,1720
389,1786,906,880,440,1346,66,1720
390,1786,906,880,440,1346,66,1720
391,1786,906,880,440,1346,66,1720
392,1785,906,879,440,1345,65,1720
393,1784,906,878,440,1344,64,1720
394,1784,906,878,440,1344,64,1720
395,1781,906,875,438,1343,61,1720
396,1780,906,874,438,1342,60,1720
397,1780,906,874,438,1342,60,1720
398,1777,906,871,438,1339,57,1720
399,1777,906,871,438,1339,57,1720
400,1773,903,870,438,1335,53,1720
401,1772,902,870,438,1334,52,1720
402,1770,900,870,438,1332,50,1720
403,1768,899,869,437,1331,48,1720
404,1767,899,868,437,1330,47,1720
405,1766,898,868,437,1329,46,1720
406,1766,898,868,437,1329,46,1720
407,1766,898,868,437,1329,46,1720
408,1766,898,868,437,1329,46,1720
409,1765,898,867,437,1328,45,1720
410,1763,897,866,437,1326,43,1720
411,1763,897,866,437,1326,43,1720
412,1760,895,865,436,1324,40,1720
413,1760,895,865,436,1324,40,1720
414,1759,895,864,436,1323,39,1720
415,1758,895,863,435,1323,38,1720
416,1757,895,862,435,1322,37,1720
417,1756,894,862,434,1322,36,1720
418,1755,893,862,434,1321,35,1720
419,1755,893,862,434,1321,35,1720
420,1754,893,861,434,1320,34,1720
421,1754,893,861,434,1320,34,1720
422,1753,892,861,434,1319,33,1720
423,1753,892,861,434,1319,33,1720
424,1752,891,861,434,1318,32,1720
425,1750,890,860,433,1317,30,1720
426,1750,890,860,433,1317,30,1720
427,1750,890,860,433,1317,30,1720
428,1748,888,860,433,1315,28,1720
429,1748,888,860,433,1315,28,1720
430,1747,887,860,433,1314,27,1720
431,1745,886,859,433,1312,25,1720
432,1743,884,859,433,1310,23,1720
433,1742,884,858,433,1309,22,1720
434,1742,884,858,433,1309,22,1720
435,1741,884,857,433,1308,21,1720
436,1739,882,857,433,1306,19,1720
437,1738,882,856,433,1305,18,1720
438,1736,880,856,433,1303,16,1720
439,1734,878,856,433,1301,14,1720
440,1732,878,854,431,1301,12,1720
441,1730,878,852,431,1299,10,1720
442,1730,878,852,431,1299,10,1720
443,1730,878,852,431,1299,10,1720
444,1730,878,852,431,1299,10,1720
445,1729,878,851,430,1299,9,1720
446,1728,878,850,430,1298,8,1720
447,1728,878,850,430,1298,8,1720
448,1728,878,850,430,1298,8,1720
449,1727,877,850,430,1297,7,1720
450,1726,876,850,430,1296,6,1720
451,1726,876,850,430,1296,6,1720
452,1725,875,850,430,1295,5,1720
453,1725,875,850,430,1295,5,1720
454,1725,875,850,430,1295,5,1720
455,1725,875,850,430,1295,5,1720
456,1724,875,849,430,1294,4,1720
457,1723,874,849,430,1293,3,1720
458,1723,874,849,430,1293,3,1720
459,1723,874,849,430,1293,3,1720
460,1723,874,849,430,1293,3,1720
461,1723,874,849,430,1293,3,1720
462,1723,874,849,430,1293,3,1720
463,1722,874,848,430,1292,2,1720
464,1722,874,848,430,1292,2,1720
465,1721,874,847,429,1292,1,1720
466,1721,874,847,429,1292,1,1720
467,1721,874,847,429,1292,1,1720
468,1721,874,847,429,1292,1,1720
469,1721,874,847,429,1292,1,1720
470,1721,874,847,429,1292,1,1720
471,1721,874,847,429,1292,1,1720
472,1721,874,847,429,1292,1,1720
473,1720,873,847,429,1291,1,1719
474,1720,873,847,429,1291,1,1719
475,1720,873,847,429,1291,1,1719
476,1720,873,847,429,1291,1,1719
477,1720,873,847,429,1291,1,1719
478,1719,872,847,429,1290,1,1718
479,1719,872,847,429,1290,1,1718
480,1718,872,846,429,1289,1,1717
481,1718,872,846,429,1289,1,1717
482,1715,872,843,429,1286,1,1714
483,1715,872,843,429,1286,1,1714
484,1715,872,843,429,1286,1,1714
485,1713,871,842,427,1286,1,1712
486,1710,871,839,427,1283,1,1709
487,1710,871,839,427,1283,1,1709
488,1709,871,838,427,1282,1,1708
489,1709,871,838,427,1282,1,1708
490,1709,871,838,427,1282,1,1708
491,1709,871,838,427,1282,1,1708
492,1708,871,837,427,1281,1,1707
493,1707,871,836,427,1280,1,1706
494,1707,871,836,427,1280,1,1706
495,1707,871,836,427,1280,1,1706
496,1703,869,834,427,1276,1,1702
497,1703,869,834,427,1276,1,1702
498,1702,868,834,427,1275,1,1701
499,1701,867,834,427,1274,1,1700
500,1698,865,833,427,1271,1,1697
501,1697,864,833,427,1270,1,1696
502,1696,863,833,427,1269,1,1695
503,1695,863,832,426,1269,0,1695
504,1695,863,832,426,1269,0,1695
505,1695,863,832,426,1269,0,1695
506,1692,861,831,426,1266,0,1692
507,1691,861,830,426,1265,0,1691
508,1688,859,829,426,1262,0,1688
509,1687,859,828,426,1261,0,1687
510,1685,859,826,426,1259,0,1685
511,1685,859,826,426,1259,0,1685
512,1683,858,825,426,1257,0,1683
513,1681,856,825,426,1255,0,1681
514,1678,855,823,426,1252,0,1678
515,1677,855,822,425,1252,0,1677
516,1669,850,819,425,1244,0,1669
517,1667,848,819,425,1242,0,1667
518,1662,846,816,425,1237,0,1662
519,1662,846,816,425,1237,0,1662
520,1657,842,815,425,1232,0,1657
521,1657,842,815,425,1232,0,1657
522,1654,839,815,425,1229,0,1654
523,1652,837,815,424,1228,0,1652
524,1644,833,811,423,1221,0,1644
525,1643,832,811,423,1220,0,1643
526,1637,831,806,423,1214,0,1637
527,1637,831,806,423,1214,0,1637
528,1632,829,803,422,1210,0,1632
529,1631,829,802,422,1209,0,1631
530,1626,827,799,422,1204,0,1626
531,1624,826,798,422,1202,0,1624
532,1620,823,797,422,1198,0,1620
533,1616,820,796,421,1195,0,1616
534,1609,815,794,421,1188,0,1609
535,1609,815,794,421,1188,0,1609
536,1602,812,790,421,1181,0,1602
537,1602,812,790,421,1181,0,1602
538,1592,808,784,419,1173,0,1592
539,1592,808,784,419,1173,0,1592
540,1585,805,780,419,1166,0,1585
541,1580,802,778,419,1161,0,1580
542,1574,798,776,419,1155,0,1574
543,1574,798,776,419,1155,0,1574
544,1564,793,771,419,1145,0,1564
545,1563,792,771,419,1144,0,1563
546,1558,789,769,419,1139,0,1558
547,1558,789,769,419,1139,0,1558
548,1555,788,767,419,1136,0,1555
549,1554,788,766,419,1135,0,1554
550,1547,785,762,419,1128,0,1547
551,1546,785,761,419,1127,0,1546
552,1535,781,754,419,1116,0,1535
553,1530,779,751,417,1113,0,1530
554,1525,778,747,417,1108,0,1525
555,1523,777,746,416,1107,0,1523
556,1517,774,743,416,1101,0,1517
557,1517,774,743,416,1101,0,1517
558,1512,770,742,416,1096,0,1512
559,1511,770,741,416,1095,0,1511
560,1506,769,737,416,1090,0,1506
561,1506,769,737,416,1090,0,1506
562,1500,766,734,416,1084,0,1500
563,1500,766,734,416,1084,0,1500
564,1496,765,731,416,1080,0,1496
565,1494,764,730,416,1078,0,1494
566,1488,761,727,416,1072,0,1488
567,1487,761,726,416,1071,0,1487
568,1479,761,718,416,1063,0,1479
569,1475,759,716,416,1059,0,1475
570,1467,754,713,415,1052,0,1467
571,1467,754,713,415,1052,0,1467
572,1456,749,707,415,1041,0,1456
573,1452,747,705,414,1038,0,1452
574,1442,741,701,414,1028,0,1442
575,1440,740,700,412,1028,0,1440
576,1424,733,691,412,1012,0,1424
577,1419,731,688,412,1007,0,1419
578,1412,729,683,412,1000,0,1412
579,1411,728,683,411,1000,0,1411
580,1398,722,676,411,987,0,1398
581,1398,722,676,411,987,0,1398
582,1394,720,674,411,983,0,1394
583,1394,720,674,411,983,0,1394
584,1386,717,669,411,975,0,1386
585,1383,717,666,411,972,0,1383
586,1373,711,662,411,962,0,1373
587,1372,710,662,411,961,0,1372
588,1367,709,658,411,956,0,1367
589,1364,707,657,411,953,0,1364
590,1354,701,653,409,945,0,1354
591,1352,699,653,409,943,0,1352
592,1334,687,647,409,925,0,1334
593,1331,686,645,409,922,0,1331
594,1328,685,643,409,919,0,1328
595,1326,685,641,409,917,0,1326
596,1317,679,638,409,908,0,1317
597,1314,677,637,408,906,0,1314
598,1308,674,634,407,901,0,1308
599,1308,674,634,407,901,0,1308
600,1302,671,631,406,896,0,1302
601,1298,668,630,406,892,0,1298
602,1295,666,629,406,889,0,1295
603,1292,665,627,404,888,0,1292
604,1282,658,624,404,878,0,1282
605,1278,658,620,404,874,0,1278
606,1274,657,617,404,870,0,1274
607,1273,657,616,404,869,0,1273
608,1262,654,608,404,858,0,1262
609,1261,654,607,404,857,0,1261
610,1256,650,606,403,853,0,1256
611,1256,650,606,403,853,0,1256
612,1248,650,598,403,845,0,1248
613,1242,649,593,402,840,0,1242
614,1238,647,591,402,836,0,1238
615,1235,646,589,401,834,0,1235
616,1233,646,587,401,832,0,1233
617,1229,645,584,401,828,0,1229
618,1222,642,580,400,822,0,1222
619,1221,642,579,400,821,0,1221
620,1211,638,573,400,811,0,1211
621,1208,637,571,400,808,0,1208
622,1203,635,568,400,803,0,1203
623,1202,634,568,400,802,0,1202
624,1194,631,563,398,796,0,1194
625,1190,629,561,397,793,0,1190
626,1187,626,561,397,790,0,1187
627,1186,626,560,397,789,0,1186
628,1178,624,554,397,781,0,1178
629,1173,621,552,397,776,0,1173
630,1169,617,552,396,773,0,1169
631,1169,617,552,396,773,0,1169
632,1163,612,551,396,767,0,1163
633,1161,612,549,396,765,0,1161
634,1160,611,549,396,764,0,1160
635,1160,611,549,396,764,0,1160
636,1155,607,548,396,759,0,1155
637,1154,606,548,396,758,0,1154
638,1152,604,548,396,756,0,1152
639,1152,604,548,396,756,0,1152
640,1144,599,545,396,748,0,1144
641,1142,599,543,396,746,0,1142
642,1137,596,541,396,741,0,1137
643,1135,596,539,395,740,0,1135
644,1130,593,537,395,735,0,1130
645,1129,593,536,395,734,0,1129
646,1122,588,534,395,727,0,1122
647,1122,588,534,395,727,0,1122
648,1116,586,530,393,723,0,1116
649,1114,586,528,393,721,0,1114
650,1107,583,524,392,715,0,1107
651,1105,583,522,392,713,0,1105
652,1103,582,521,392,711,0,1103
653,1100,582,518,392,708,0,1100
654,1096,580,516,392,704,0,1096
655,1095,580,515,392,703,0,1095
656,1091,578,513,392,699,0,1091
657,1090,577,513,392,698,0,1090
658,1089,577,512,392,697,0,1089
659,1088,577,511,392,696,0,1088
660,1081,571,510,392,689,0,1081
661,1078,569,509,392,686,0,1078
662,1077,568,509,392,685,0,1077
663,1076,567,509,392,684,0,1076
664,1070,563,507,392,678,0,1070
665,1068,561,507,392,676,0,1068
666,1068,561,507,392,676,0,1068
667,1068,561,507,392,676,0,1068
668,1063,557,506,392,671,0,1063
669,1062,556,506,392,670,0,1062
670,1058,553,505,392,666,0,1058
671,1056,553,503,392,664,0,1056
672,1054,552,502,392,662,0,1054
673,1054,552,502,392,662,0,1054
674,1049,550,499,392,657,0,1049
675,1047,548,499,392,655,0,1047
676,1043,545,498,392,651,0,1043
677,1042,545,497,392,650,0,1042
678,1039,543,496,391,648,0,1039
679,1038,543,495,391,647,0,1038
680,1033,542,491,391,642,0,1033
681,1032,541,491,391,641,0,1032
682,1031,540,491,391,640,0,1031
683,1031,540,491,391,640,0,1031
684,1026,537,489,391,635,0,1026
685,1025,536,489,390,635,0,1025
686,1022,533,489,390,632,0,1022
687,1022,533,489,390,632,0,1022
688,1018,531,487,388,630,0,1018
689,1017,531,486,387,630,0,1017
690,1009,527,482,386,623,0,1009
691,1009,527,482,386,623,0,1009
692,1007,526,481,386,621,0,1007
693,1005,525,480,386,619,0,1005
694,1003,523,480,386,617,0,1003
695,1003,523,480,386,617,0,1003
696,998,519,479,386,612,0,998
697,997,519,478,386,611,0,997
698,994,517,477,386,608,0,994
699,994,517,477,386,608,0,994
700,988,514,474,385,603,0,988
701,988,514,474,385,603,0,988
702,986,512,474,385,601,0,986
703,983,510,473,385,598,0,983
704,981,509,472,385,596,0,981
705,980,509,471,385,595,0,980
706,976,507,469,384,592,0,976
707,975,506,469,384,591,0,975
708,974,506,468,384,590,0,974
709,973,506,467,384,589,0,973
710,971,504,467,383,588,0,971
711,971,504,467,383,588,0,971
712,967,501,466,383,584,0,967
713,965,500,465,383,582,0,965
714,963,499,464,383,580,0,963
715,963,499,464,383,580,0,963
716,963,499,464,383,580,0,963
717,963,499,464,383,580,0,963
718,961,499,462,382,579,0,961
719,959,497,462,382,577,0,959
720,957,496,461,382,575,0,957
721,956,496,460,382,574,0,956
722,954,495,459,382,572,0,954
723,955,496,459,383,572,0,955
724,950,493,457,383,567,0,950
725,948,492,456,383,565,0,948
726,946,490,456,383,563,0,946
727,946,490,456,383,563,0,946
728,941,488,453,382,559,0,941
729,939,488,451,381,558,0,939
730,937,487,450,381,556,0,937
731,936,487,449,381,555,0,936
732,935,486,449,381,554,0,935
733,932,484,448,381,551,0,932
734,932,484,448,381,551,0,932
735,932,484,448,381,551,0,932
736,931,483,448,381,550,0,931
737,929,483,446,381,548,0,929
738,926,482,444,381,545,0,926
739,926,482,444,381,545,0,926
740,924,482,442,380,544,0,924
741,924,482,442,380,544,0,924
742,923,482,441,380,543,0,923
743,923,482,441,380,543,0,923
744,922,481,441,380,542,0,922
745,921,481,440,380,541,0,921
746,919,480,439,380,539,0,919
747,919,480,439,379,540,0,919
748,918,479,439,379,539,0,918
749,917,479,438,379,538,0,917
750,915,477,438,379,536,0,915
751,915,477,438,379,536,0,915
752,913,475,438,379,534,0,913
753,911,475,436,379,532,0,911
754,911,475,436,379,532,0,911
755,911,475,436,379,532,0,911
756,912,475,437,378,534,0,912
757,912,475,437,378,534,0,912
758,912,475,437,378,534,0,912
759,910,475,435,378,532,0,910
760,910,475,435,378,532,0,910
761,908,475,433,378,530,0,908
762,907,474,433,377,530,0,907
763,907,474,433,377,530,0,907
764,905,472,433,377,528,0,905
765,904,471,433,377,527,0,904
766,903,470,433,377,526,0,903
767,902,470,432,377,525,0,902
768,901,469,432,377,524,0,901
769,901,469,432,377,524,0,901
770,901,469,432,377,524,0,901
771,900,468,432,377,523,0,900
772,897,468,429,377,520,0,897
773,897,468,429,377,520,0,897
774,896,467,429,377,519,0,896
775,894,465,429,377,517,0,894
776,892,464,428,377,515,0,892
777,891,464,427,377,514,0,891
778,891,464,427,377,514,0,891
779,890,463,427,377,513,0,890
780,889,463,426,377,512,0,889
781,888,463,425,376,512,0,888
782,887,463,424,376,511,0,887
783,886,463,423,376,510,0,886
784,883,462,421,376,507,0,883
785,882,462,420,376,506,0,882
786,882,462,420,376,506,0,882
787,882,461,421,377,505,0,882
788,880,459,421,377,503,0,880
789,880,459,421,377,503,0,880
790,880,459,421,377,503,0,880
791,878,459,419,377,501,0,878
792,877,459,418,377,500,0,877
793,877,459,418,377,500,0,877
794,876,458,418,377,499,0,876
795,876,457,419,376,500,0,876
796,875,456,419,376,499,0,875
797,875,456,419,376,499,0,875
798,873,455,418,376,497,0,873
799,873,455,418,376,497,0,873
800,872,454,418,376,496,0,872
801,870,452,418,376,494,0,870
802,870,452,418,376,494,0,870
803,869,451,418,375,494,0,869
804,869,451,418,375,494,0,869
805,868,450,418,375,493,0,868
806,868,450,418,375,493,0,868
807,868,450,418,375,493,0,868
808,867,449,418,375,492,0,867
809,866,449,417,375,491,0,866
810,866,449,417,375,491,0,866
811,865,449,416,375,490,0,865
812,864,448,416,375,489,0,864
813,864,448,416,376,488,0,864
814,864,448,416,376,488,0,864
815,864,448,416,376,488,0,864
816,865,449,416,377,488,2,863
817,865,449,416,377,488,2,863
818,864,448,416,377,487,2,862
819,864,448,416,377,487,2,862
820,863,447,416,377,486,2,861
821,863,447,416,377,486,2,861
822,862,446,416,377,485,2,860
823,862,446,416,377,485,2,860
824,861,446,415,377,484,2,859
825,862,447,415,376,486,2,860
826,861,445,416,375,486,2,859
827,861,445,416,374,487,2,859
828,862,446,416,375,487,2,860
829,863,447,416,374,489,2,861
830,861,445,416,374,487,2,859
831,861,445,416,375,486,2,859
832,861,445,416,376,485,2,859
833,861,445,416,376,485,2,859
834,861,445,416,376,485,2,859
835,861,445,416,376,485,2,859
836,862,446,416,377,485,2,860
837,860,446,414,377,483,2,858
838,860,446,414,377,483,2,858
839,860,446,414,377,483,2,858
840,860,446,414,376,484,2,858
841,860,446,414,376,484,2,858
842,860,446,414,376,484,2,858
843,860,446,414,376,484,2,858
844,859,445,414,376,483,2,857
845,861,447,414,376,485,2,859
846,861,447,414,376,485,2,859
847,859,446,413,376,483,2,857
848,857,445,412,376,481,2,855
849,857,445,412,376,481,2,855
850,856,445,411,376,480,2,854
851,855,445,410,376,479,2,853
852,856,446,410,377,479,2,854
853,856,446,410,377,479,2,854
854,857,446,411,376,481,2,855
855,857,446,411,376,481,2,855
856,855,445,410,376,479,2,853
857,855,445,410,376,479,2,853
858,854,444,410,376,478,2,852
859,855,444,411,377,478,2,853
860,856,444,412,376,480,2,854
861,856,444,412,376,480,2,854
862,856,444,412,376,480,2,854
863,856,445,411,375,481,2,854
864,855,445,410,375,480,2,853
865,854,445,409,374,480,4,850
866,853,444,409,374,479,4,849
867,852,444,408,374,478,4,848
868,852,444,408,374,478,4,848
869,852,444,408,374,478,4,848
870,852,444,408,374,478,4,848
871,853,445,408,373,480,4,849
872,852,444,408,373,479,4,848
873,850,442,408,373,477,4,846
874,850,442,408,373,477,4,846
875,851,443,408,372,479,4,847
876,851,443,408,372,479,4,847
877,851,443,408,372,479,4,847
878,849,442,407,372,477,4,845
879,850,443,407,371,479,4,846
880,850,443,407,371,479,4,846
881,850,443,407,371,479,4,846
882,850,443,407,371,479,4,846
883,851,444,407,372,479,4,847
884,851,444,407,372,479,4,847
885,851,444,407,372,479,4,847
886,852,445,407,371,481,4,848
887,853,445,408,372,481,4,849
888,851,444,407,372,479,4,847
889,850,443,407,372,478,4,846
890,851,444,407,371,480,4,847
891,851,444,407,371,480,4,847
892,853,445,408,373,480,4,849
893,853,445,408,373,480,4,849
894,853,445,408,373,480,4,849
895,853,445,408,373,480,4,849
896,853,445,408,373,480,4,849
897,853,445,408,373,480,4,849
898,852,444,408,373,479,4,848
899,852,444,408,373,479,4,848
900,852,444,408,373,479,4,848
901,853,445,408,372,481,4,849
902,853,445,408,372,481,4,849
903,852,445,407,372,480,4,848
904,852,445,407,371,481,4,848
905,852,445,407,371,481,4,848
906,853,445,408,370,483,4,849
907,853,445,408,370,483,4,849
908,853,445,408,368,485,4,849
909,853,445,408,367,486,6,847
910,853,445,408,367,486,6,847
911,853,445,408,367,486,6,847
912,851,444,407,367,484,6,845
913,852,444,408,366,486,6,846
914,852,444,408,366,486,6,846
915,853,445,408,365,488,6,847
916,853,445,408,365,488,6,847
917,855,446,409,363,492,6,849
918,855,446,409,363,492,6,849
919,855,446,409,363,492,6,849
920,855,446,409,363,492,6,849
921,855,446,409,363,492,6,849
922,856,447,409,362,494,6,850
923,856,447,409,362,494,6,850
924,856,447,409,362,494,6,850
925,855,446,409,362,493,6,849
926,855,446,409,362,493,6,849
927,855,446,409,362,493,6,849
928,856,446,410,361,495,6,850
929,857,447,410,360,497,6,851
930,857,447,410,360,497,6,851
931,857,447,410,360,497,6,851
932,856,446,410,360,496,6,850
933,856,446,410,360,496,6,850
934,856,446,410,360,496,6,850
935,856,446,410,360,496,6,850
936,858,447,411,360,498,8,850
937,857,446,411,360,497,8,849
938,858,447,411,361,497,8,850
939,859,447,412,360,499,8,851
940,859,447,412,360,499,8,851
941,859,447,412,360,499,8,851
942,859,447,412,360,499,8,851
943,860,448,412,359,501,8,852
944,861,448,413,358,503,8,853
945,861,448,413,358,503,8,853
946,862,448,414,357,505,8,854
947,862,448,414,357,505,8,854
948,865,450,415,354,511,8,857
949,865,450,415,354,511,8,857
950,865,450,415,355,510,8,857
951,865,450,415,355,510,8,857
952,865,450,415,354,511,7,858
953,865,450,415,354,511,7,858
954,867,452,415,354,513,7,860
955,867,452,415,354,513,7,860
956,867,452,415,354,513,7,860
957,868,453,415,355,513,7,861
958,868,453,415,355,513,7,861
959,870,454,416,353,517,7,863
960,871,454,417,354,517,7,864
961,872,454,418,353,519,7,865
962,873,455,418,352,521,7,866
963,874,456,418,353,521,7,867
964,875,456,419,353,522,7,868
965,876,456,420,350,526,6,870
966,877,457,420,349,528,6,871
967,878,458,420,350,528,6,872
968,879,458,421,349,530,6,873
969,881,458,423,349,532,6,875
970,881,458,423,349,532,6,875
971,881,458,423,349,532,6,875
972,882,458,424,350,532,7,875
973,881,457,424,350,531,7,874
974,882,457,425,349,533,7,875
975,882,457,425,349,533,7,875
976,883,458,425,348,535,7,876
977,883,458,425,347,536,7,876
978,882,457,425,347,535,7,875
979,882,457,425,347,535,7,875
980,881,457,424,347,534,7,874
981,882,458,424,346,536,7,875
982,884,459,425,345,539,7,877
983,884,459,425,345,539,7,877
984,885,460,425,344,541,7,878
985,885,460,425,344,541,7,878
986,887,462,425,344,543,7,880
987,887,462,425,344,543,7,880
988,888,463,425,343,545,7,881
989,889,463,426,342,547,7,882
990,890,464,426,341,549,7,883
991,890,464,426,342,548,7,883
992,890,463,427,342,548,7,883
993,890,463,427,342,548,7,883
994,890,464,426,340,550,6,884
995,891,465,426,341,550,6,885
996,891,465,426,341,550,6,885
997,892,466,426,340,552,6,886
998,893,467,426,341,552,6,887
999,893,467,426,341,552,6,887
1000,892,467,425,341,551,5,887
1001,892,467,425,341,551,5,887
1002,892,467,425,341,551,5,887
1003,892,467,425,341,551,5,887
1004,892,468,424,342,550,5,887
1005,893,469,424,341,552,5,888
1006,892,469,423,341,551,4,888
1007,891,468,423,341,550,4,887
1008,891,468,423,341,550,4,887
1009,893,469,424,339,554,4,889
1010,894,470,424,338,556,4,890
1011,893,470,423,338,555,4,889
1012,892,469,423,338,554,4,888
1013,894,470,424,336,558,4,890
1014,894,470,424,336,558,4,890
1015,897,470,427,337,560,4,893
1016,897,470,427,337,560,4,893
1017,897,470,427,337,560,4,893
1018,897,470,427,337,560,4,893
1019,900,472,428,336,564,4,896
1020,900,472,428,336,564,4,896
1021,905,476,429,335,570,4,901
1022,906,476,430,334,572,4,902
1023,907,476,431,333,574,4,903
1024,907,476,431,333,574,4,903
1025,908,477,431,334,574,4,904
1026,908,477,431,334,574,4,904
1027,909,478,431,333,576,4,905
1028,909,478,431,333,576,4,905
1029,909,478,431,333,576,4,905
1030,910,479,431,334,576,4,906
1031,912,479,433,334,578,6,906
1032,912,479,433,334,578,6,906
1033,911,479,432,334,577,6,905
1034,913,482,431,331,582,6,907
1035,915,483,432,333,582,6,909
1036,917,484,433,335,582,6,911
1037,918,485,433,334,584,6,912
1038,918,485,433,334,584,6,912
1039,920,486,434,334,586,6,914
1040,920,486,434,334,586,6,914
1041,920,486,434,335,585,6,914
1042,920,486,434,335,585,6,914
1043,920,486,434,335,585,6,914
1044,921,486,435,334,587,6,915
1045,922,487,435,333,589,6,916
1046,922,487,435,333,589,6,916
1047,923,488,435,334,589,6,917
1048,925,488,437,336,589,6,919
1049,927,489,438,333,594,6,921
1050,927,489,438,333,594,6,921
1051,926,489,437,333,593,6,920
1052,926,489,437,333,593,6,920
1053,926,489,437,333,593,6,920
1054,927,490,437,334,593,6,921
1055,927,489,438,335,592,6,921
1056,927,489,438,335,592,6,921
1057,929,490,439,337,592,6,923
1058,929,490,439,337,592,6,923
1059,929,490,439,335,594,5,924
1060,929,489,440,334,595,5,924
1061,931,489,442,331,600,5,926
1062,931,489,442,331,600,5,926
1063,931,489,442,331,600,5,926
1064,931,489,442,332,599,5,926
1065,934,489,445,330,604,5,929
1066,935,490,445,329,606,5,930
1067,934,490,444,328,606,4,930
1068,933,489,444,328,605,4,929
1069,933,489,444,328,605,4,929
1070,931,488,443,327,604,3,928
1071,932,489,443,328,604,3,929
1072,931,489,442,328,603,3,928
1073,933,491,442,326,607,3,930
1074,933,491,442,325,608,3,930
1075,933,491,442,325,608,3,930
1076,933,491,442,325,608,3,930
1077,934,491,443,324,610,3,931
1078,934,491,443,324,610,3,931
1079,934,491,443,324,610,3,931
1080,934,491,443,324,610,3,931
1081,935,492,443,323,612,3,932
1082,933,490,443,323,610,3,930
1083,933,490,443,323,610,3,930
1084,932,490,442,323,609,3,929
1085,932,490,442,323,609,3,929
1086,932,490,442,322,610,3,929
1087,932,490,442,321,611,3,929
1088,933,490,443,321,612,3,930
1089,934,491,443,320,614,5,929
1090,937,493,444,317,620,5,932
1091,937,493,444,317,620,5,932
1092,936,492,444,317,619,5,931
1093,937,493,444,316,621,5,932
1094,937,493,444,316,621,5,932
1095,937,492,445,315,622,5,932
1096,938,493,445,316,622,5,933
1097,940,495,445,316,624,5,935
1098,940,495,445,316,624,5,935
1099,939,494,445,316,623,5,934
1100,939,494,445,316,623,5,934
1101,941,495,446,316,625,5,936
1102,943,495,448,314,629,5,938
1103,943,495,448,314,629,5,938
1104,944,495,449,315,629,7,937
1105,944,496,448,314,630,7,937
1106,946,496,450,314,632,9,937
1107,946,496,450,314,632,9,937
1108,946,496,450,314,632,9,937
1109,947,496,451,315,632,9,938
1110,947,496,451,315,632,9,938
1111,947,496,451,315,632,9,938
1112,945,494,451,315,630,9,936
1113,944,494,450,313,631,8,936
1114,947,495,452,312,635,8,939
1115,948,495,453,311,637,8,940
1116,950,495,455,311,639,8,942
1117,951,496,455,310,641,8,943
1118,951,496,455,310,641,8,943
1119,951,497,454,309,642,8,943
1120,952,497,455,308,644,8,944
1121,954,498,456,308,646,8,946
1122,955,499,456,308,647,8,947
1123,956,499,457,307,649,8,948
1124,956,499,457,307,649,8,948
1125,956,499,457,307,649,8,948
1126,958,500,458,307,651,8,950
1127,957,500,457,307,650,8,949
1128,956,499,457,307,649,8,948
1129,956,499,457,307,649,8,948
1130,956,499,457,307,649,8,948
1131,956,499,457,306,650,8,948
1132,956,499,457,306,650,8,948
1133,957,500,457,305,652,8,949
1134,957,501,456,305,652,8,949
1135,958,502,456,306,652,8,950
1136,960,503,457,306,654,8,952
1137,960,503,457,306,654,8,952
1138,960,503,457,306,654,8,952
1139,960,503,457,306,654,8,952
1140,960,503,457,306,654,8,952
1141,961,504,457,305,656,8,953
1142,962,504,458,305,657,8,954
1143,963,505,458,304,659,8,955
1144,963,505,458,304,659,8,955
1145,963,505,458,304,659,7,956
1146,963,505,458,304,659,7,956
1147,963,505,458,304,659,7,956
1148,963,505,458,304,659,7,956
1149,964,505,459,305,659,7,957
1150,964,505,459,305,659,7,957
1151,965,505,460,304,661,7,958
1152,964,504,460,304,660,7,957
1153,965,504,461,303,662,7,958
1154,965,504,461,302,663,7,958
1155,966,505,461,301,665,6,960
1156,966,505,461,300,666,6,960
1157,966,505,461,300,666,6,960
1158,966,505,461,300,666,6,960
1159,968,507,461,300,668,6,962
1160,968,507,461,300,668,6,962
1161,968,507,461,300,668,6,962
1162,969,508,461,301,668,6,963
1163,970,509,461,302,668,6,964
1164,970,509,461,302,668,6,964
1165,970,509,461,302,668,6,964
1166,970,509,461,302,668,6,964
1167,972,511,461,302,670,6,966
1168,972,511,461,302,670,6,966
1169,972,511,461,302,670,6,966
1170,973,512,461,303,670,6,967
1171,975,513,462,303,672,6,969
1172,976,513,463,302,674,6,970
1173,978,514,464,300,678,6,972
1174,978,514,464,300,678,6,972
1175,977,514,463,300,677,6,971
1176,979,514,465,298,681,6,973
1177,980,515,465,297,683,6,974
1178,980,515,465,297,683,6,974
1179,980,515,465,297,683,6,974
1180,979,514,465,297,682,5,974
1181,979,514,465,297,682,5,974
1182,979,514,465,297,682,5,974
1183,979,514,465,297,682,5,974
1184,978,514,464,297,681,5,973
1185,978,514,464,297,681,5,973
1186,980,516,464,294,686,5,975
1187,979,516,463,294,685,5,974
1188,981,516,465,294,687,5,976
1189,981,516,465,294,687,5,976
1190,981,516,465,294,687,5,976
1191,982,517,465,295,687,5,977
1192,981,516,465,295,686,4,977
1193,981,516,465,295,686,4,977
1194,983,517,466,292,691,6,977
1195,984,517,467,293,691,6,978
1196,983,517,466,293,690,6,977
1197,984,518,466,292,692,6,978
1198,984,518,466,292,692,5,979
1199,985,519,466,293,692,5,980
1200,986,519,467,292,694,5,981
1201,986,519,467,292,694,5,981
1202,985,518,467,292,693,5,980
1203,985,518,467,292,693,5,980
1204,986,519,467,291,695,5,981
1205,986,519,467,291,695,5,981
1206,986,519,467,291,695,5,981
1207,986,519,467,291,695,5,981
1208,986,519,467,291,695,5,981
1209,986,519,467,291,695,5,981
1210,986,519,467,291,695,5,981
1211,986,519,467,291,695,5,981
1212,985,519,466,291,694,5,980
1213,986,520,466,290,696,5,981
1214,987,521,466,289,698,5,982
1215,989,521,468,290,699,5,984
1216,990,522,468,291,699,5,985
1217,991,523,468,290,701,5,986
1218,991,523,468,290,701,5,986
1219,991,523,468,290,701,5,986
1220,990,522,468,290,700,5,985
1221,990,522,468,290,700,5,985
1222,990,522,468,290,700,5,985
1223,990,523,467,290,700,5,985
1224,990,523,467,290,700,5,985
1225,991,523,468,289,702,5,986
1226,992,524,468,290,702,5,987
1227,993,524,469,289,704,5,988
1228,993,524,469,289,704,5,988
1229,992,523,469,289,703,5,987
1230,992,524,468,287,705,4,988
1231,990,523,467,287,703,4,986
1232,990,523,467,287,703,4,986
1233,990,523,467,287,703,4,986
1234,990,523,467,287,703,4,986
1235,990,523,467,287,703,4,986
1236,990,523,467,287,703,4,986
1237,990,523,467,287,703,4,986
1238,991,524,467,286,705,4,987
1239,991,524,467,286,705,4,987
1240,991,524,467,286,705,4,987
1241,991,524,467,286,705,4,987
1242,992,524,468,285,707,4,988
1243,992,525,467,284,708,4,988
1244,992,525,467,284,708,4,988
1245,993,526,467,283,710,4,989
1246,993,526,467,283,710,4,989
1247,992,525,467,283,709,4,988
1248,992,526,466,282,710,4,988
1249,994,526,468,284,710,4,990
1250,994,526,468,284,710,4,990
1251,995,526,469,283,712,4,991
1252,995,526,469,283,712,4,991
1253,995,526,469,283,712,4,991
1254,996,526,470,282,714,4,992
1255,997,526,471,283,714,4,993
1256,998,527,471,282,716,4,994
1257,997,527,470,282,715,4,993
1258,998,528,470,283,715,4,994
1259,999,528,471,282,717,4,995
1260,1000,529,471,281,719,4,996
1261,1000,529,471,281,719,4,996
1262,1001,529,472,282,719,4,997
1263,1000,529,471,282,718,4,996
1264,1000,529,471,282,718,4,996
1265,1000,529,471,281,719,4,996
1266,999,528,471,281,718,4,995
1267,999,528,471,281,718,4,995
1268,999,528,471,281,718,4,995
1269,999,528,471,279,720,3,996
1270,999,529,470,278,721,3,996
1271,998,529,469,277,721,2,996
1272,998,529,469,277,721,2,996
1273,1000,530,470,275,725,2,998
1274,999,529,470,275,724,2,997
1275,999,529,470,275,724,2,997
1276,1000,530,470,276,724,2,998
1277,1000,531,469,277,723,2,998
1278,1001,532,469,278,723,2,999
1279,1001,532,469,277,724,1,1000
1280,1002,532,470,276,726,1,1001
1281,1003,533,470,277,726,1,1002
1282,1003,533,470,277,726,1,1002
1283,1003,533,470,277,726,1,1002
1284,1003,533,470,277,726,1,1002
1285,1001,533,468,277,724,1,1000
1286,1002,534,468,278,724,1,1001
1287,1003,535,468,277,726,1,1002
1288,1006,536,470,274,732,1,1005
1289,1007,537,470,273,734,1,1006
1290,1008,537,471,272,736,1,1007
1291,1008,537,471,272,736,1,1007
1292,1008,537,471,272,736,1,1007
1293,1009,537,472,271,738,1,1008
1294,1009,537,472,271,738,1,1008
1295,1011,539,472,271,740,1,1010
1296,1011,539,472,271,740,1,1010
1297,1012,538,474,271,741,1,1011
1298,1012,538,474,271,741,1,1011
1299,1013,538,475,270,743,1,1012
1300,1014,539,475,269,745,1,1013
1301,1013,538,475,269,744,1,1012
1302,1015,538,477,269,746,1,1014
1303,1016,538,478,270,746,1,1015
1304,1015,537,478,270,745,1,1014
1305,1014,536,478,270,744,0,1014
1306,1014,536,478,270,744,0,1014
1307,1016,537,479,272,744,0,1016
1308,1014,537,477,272,742,0,1014
1309,1014,537,477,272,742,0,1014
1310,1014,537,477,271,743,0,1014
1311,1014,537,477,271,743,0,1014
1312,1014,537,477,271,743,0,1014
1313,1014,537,477,271,743,0,1014
1314,1014,537,477,271,743,0,1014
1315,1014,537,477,271,743,0,1014
1316,1015,537,478,270,745,0,1015
1317,1015,537,478,270,745,0,1015
1318,1015,537,478,270,745,0,1015
1319,1015,537,478,270,745,0,1015
1320,1015,537,478,270,745,0,1015
1321,1015,537,478,270,745,0,1015
1322,1014,536,478,270,744,0,1014
1323,1015,535,480,270,745,0,1015
1324,1014,534,480,270,744,0,1014
1325,1015,535,480,269,746,0,1015
1326,1016,535,481,268,748,0,1016
1327,1016,535,481,268,748,0,1016
1328,1017,536,481,267,750,0,1017
1329,1018,536,482,266,752,0,1018
1330,1018,537,481,265,753,0,1018
1331,1017,537,480,265,752,0,1017
1332,1017,536,481,264,753,0,1017
1333,1016,535,481,264,752,0,1016
1334,1017,536,481,263,754,0,1017
1335,1015,536,479,263,752,0,1015
1336,1016,536,480,262,754,0,1016
1337,1017,537,480,261,756,0,1017
1338,1019,539,480,261,758,0,1019
1339,1020,540,480,262,758,0,1020
1340,1020,540,480,262,758,0,1020
1341,1020,540,480,262,758,0,1020
1342,1021,541,480,261,760,0,1021
1343,1022,542,480,260,762,0,1022
1344,1023,542,481,261,762,0,1023
1345,1022,541,481,261,761,0,1022
1346,1022,541,481,261,761,0,1022
1347,1022,541,481,261,761,0,1022
1348,1022,541,481,261,761,0,1022
1349,1022,541,481,261,761,0,1022
1350,1022,541,481,261,761,0,1022
1351,1023,542,481,262,761,0,1023
1352,1023,542,481,262,761,0,1023
1353,1022,542,480,262,760,0,1022
1354,1022,542,480,262,760,0,1022
1355,1022,542,480,262,760,0,1022
1356,1022,542,480,262,760,0,1022
1357,1021,542,479,262,759,0,1021
1358,1021,542,479,262,759,0,1021
1359,1022,543,479,262,760,0,1022
1360,1022,543,479,262,760,0,1022
1361,1022,543,479,262,760,0,1022
1362,1022,543,479,262,760,0,1022
1363,1022,543,479,262,760,0,1022
1364,1020,541,479,262,758,0,1020
1365,1019,541,478,262,757,0,1019
1366,1020,542,478,263,757,0,1020
1367,1022,542,480,262,760,0,1022
1368,1023,543,480,263,760,0,1023
1369,1024,543,481,264,760,0,1024
1370,1024,543,481,264,760,0,1024
1371,1026,544,482,262,764,0,1026
1372,1026,544,482,262,764,0,1026
1373,1026,544,482,262,764,0,1026
1374,1027,545,482,261,766,0,1027
1375,1027,545,482,262,765,0,1027
1376,1029,546,483,262,767,0,1029
1377,1028,545,483,262,766,0,1028
1378,1029,546,483,262,767,0,1029
1379,1029,546,483,262,767,0,1029
1380,1028,545,483,262,766,0,1028
1381,1029,546,483,261,768,0,1029
1382,1029,546,483,261,768,0,1029
1383,1030,547,483,260,770,0,1030
1384,1029,546,483,260,769,0,1029
1385,1029,546,483,260,769,0,1029
1386,1028,546,482,260,768,0,1028
1387,1029,547,482,259,770,0,1029
1388,1031,549,482,259,772,0,1031
1389,1030,548,482,259,771,0,1030
1390,1029,548,481,259,770,0,1029
1391,1028,547,481,259,769,0,1028
1392,1027,547,480,258,769,0,1027
1393,1026,547,479,258,768,0,1026
1394,1026,547,479,258,768,0,1026
1395,1026,547,479,258,768,0,1026
1396,1027,548,479,259,768,0,1027
1397,1027,548,479,259,768,0,1027
1398,1027,548,479,259,768,0,1027
1399,1026,547,479,259,767,0,1026
1400,1025,546,479,259,766,0,1025
1401,1024,546,478,259,765,0,1024
1402,1025,547,478,258,767,0,1025
1403,1025,547,478,258,767,0,1025
1404,1025,546,479,257,768,0,1025
1405,1024,546,478,258,766,0,1024
1406,1024,546,478,258,766,0,1024
1407,1023,545,478,258,765,0,1023
1408,1021,544,477,258,763,0,1021
1409,1022,545,477,257,765,0,1022
1410,1024,546,478,257,767,0,1024
1411,1024,546,478,257,767,0,1024
1412,1022,545,477,257,765,0,1022
1413,1022,545,477,257,765,0,1022
1414,1021,545,476,257,764,0,1021
1415,1020,544,476,257,763,0,1020
1416,1020,544,476,257,763,0,1020
1417,1019,544,475,257,762,0,1019
1418,1021,545,476,257,764,0,1021
1419,1021,545,476,257,764,0,1021
1420,1020,544,476,257,763,0,1020
1421,1020,544,476,257,763,0,1020
1422,1020,544,476,257,763,0,1020
1423,1020,544,476,257,763,0,1020
1424,1019,544,475,257,762,0,1019
1425,1019,544,475,256,763,0,1019
1426,1020,545,475,257,763,2,1018
1427,1020,545,475,257,763,2,1018
1428,1020,544,476,258,762,2,1018
1429,1020,544,476,258,762,2,1018
1430,1020,544,476,258,762,2,1018
1431,1021,545,476,257,764,2,1019
1432,1021,545,476,257,764,2,1019
1433,1020,544,476,257,763,2,1018
1434,1022,545,477,257,765,2,1020
1435,1023,546,477,256,767,2,1021
1436,1023,546,477,256,767,2,1021
1437,1024,547,477,255,769,2,1022
1438,1024,547,477,255,769,2,1022
1439,1023,546,477,255,768,2,1021
1440,1022,545,477,255,767,2,1020
1441,1022,544,478,254,768,2,1020
1442,1020,542,478,254,766,2,1018
1443,1019,541,478,254,765,2,1017
1444,1019,541,478,254,765,2,1017
1445,1019,541,478,254,765,2,1017
1446,1019,541,478,254,765,2,1017
1447,1020,542,478,255,765,2,1018
1448,1020,542,478,255,765,2,1018
1449,1022,544,478,255,767,2,1020
1450,1022,544,478,255,767,2,1020
1451,1024,546,478,255,769,2,1022
1452,1024,546,478,255,769,2,1022
1453,1024,546,478,255,769,2,1022
1454,1024,545,479,254,770,2,1022
1455,1024,545,479,254,770,2,1022
1456,1024,545,479,254,770,2,1022
1457,1023,545,478,254,769,2,1021
1458,1023,545,478,254,769,2,1021
1459,1022,544,478,254,768,2,1020
1460,1021,544,477,254,767,2,1019
1461,1021,544,477,253,768,2,1019
1462,1022,544,478,253,769,2,1020
1463,1022,545,477,252,770,2,1020
1464,1020,544,476,252,768,2,1018
1465,1020,544,476,252,768,2,1018
1466,1022,545,477,252,770,2,1020
1467,1021,544,477,252,769,2,1019
1468,1022,544,478,253,769,2,1020
1469,1021,544,477,253,768,2,1019
1470,1021,544,477,253,768,2,1019
1471,1019,543,476,253,766,2,1017
1472,1020,544,476,254,766,2,1018
1473,1020,544,476,254,766,2,1018
1474,1020,544,476,255,765,2,1018
1475,1019,543,476,255,764,2,1017
1476,1019,543,476,255,764,2,1017
1477,1018,542,476,255,763,2,1016
1478,1017,542,475,255,762,2,1015
1479,1018,542,476,254,764,2,1016
1480,1018,542,476,254,764,2,1016
1481,1020,544,476,254,766,2,1018
1482,1020,544,476,254,766,2,1018
1483,1019,543,476,254,765,2,1017
1484,1019,542,477,253,766,2,1017
1485,1020,544,476,253,767,2,1018
1486,1020,544,476,253,767,2,1018
1487,1020,544,476,253,767,2,1018
1488,1020,544,476,253,767,2,1018
1489,1020,544,476,253,767,2,1018
1490,1020,544,476,253,767,2,1018
1491,1020,544,476,253,767,2,1018
1492,1019,543,476,253,766,2,1017
1493,1019,543,476,253,766,2,1017
1494,1021,545,476,253,768,2,1019
1495,1018,543,475,253,765,2,1016
1496,1019,544,475,254,765,2,1017
1497,1019,544,475,254,765,2,1017
1498,1017,543,474,253,764,2,1015
1499,1016,542,474,252,764,1,1015
1500,1016,542,474,252,764,1,1015
1501,1016,542,474,252,764,1,1015
1502,1017,543,474,251,766,1,1016
1503,1018,544,474,252,766,1,1017
1504,1019,544,475,251,768,1,1018
1505,1019,544,475,251,768,1,1018
1506,1019,543,476,250,769,1,1018
1507,1021,546,475,247,774,1,1020
1508,1022,546,476,245,777,1,1021
1509,1022,546,476,245,777,1,1021
1510,1022,546,476,245,777,1,1021
1511,1022,546,476,245,777,1,1021
1512,1022,546,476,245,777,1,1021
1513,1021,546,475,245,776,1,1020
1514,1022,547,475,246,776,1,1021
1515,1022,547,475,246,776,1,1021
1516,1022,546,476,246,776,3,1019
1517,1020,546,474,246,774,3,1017
1518,1018,545,473,246,772,3,1015
1519,1019,545,474,245,774,3,1016
1520,1018,544,474,245,773,3,1015
1521,1020,545,475,243,777,3,1017
1522,1020,545,475,243,777,3,1017
1523,1020,545,475,243,777,3,1017
1524,1020,545,475,243,777,3,1017
1525,1020,545,475,243,777,3,1017
1526,1021,546,475,242,779,3,1018
1527,1021,546,475,242,779,3,1018
1528,1020,545,475,242,778,3,1017
1529,1019,544,475,242,777,3,1016
1530,1019,544,475,242,777,3,1016
1531,1020,544,476,243,777,3,1017
1532,1020,544,476,243,777,3,1017
1533,1018,544,474,243,775,3,1015
1534,1019,544,475,244,775,3,1016
1535,1019,544,475,244,775,3,1016
1536,1019,543,476,243,776,3,1016
1537,1019,543,476,243,776,3,1016
1538,1019,543,476,243,776,3,1016
1539,1020,543,477,242,778,3,1017
1540,1021,543,478,243,778,3,1018
1541,1021,543,478,243,778,3,1018
1542,1020,542,478,242,778,2,1018
1543,1020,542,478,242,778,2,1018
1544,1020,542,478,242,778,2,1018
1545,1019,542,477,242,777,2,1017
1546,1019,542,477,242,777,2,1017
1547,1019,542,477,242,777,2,1017
1548,1020,543,477,243,777,2,1018
1549,1021,544,477,244,777,2,1019
1550,1021,544,477,244,777,2,1019
1551,1021,544,477,244,777,2,1019
1552,1021,544,477,244,777,2,1019
1553,1021,544,477,244,777,2,1019
1554,1020,543,477,244,776,2,1018
1555,1020,543,477,244,776,2,1018
1556,1021,544,477,243,778,2,1019
1557,1020,543,477,243,777,2,1018
1558,1020,543,477,243,777,2,1018
1559,1020,543,477,243,777,2,1018
1560,1022,544,478,243,779,2,1020
1561,1023,545,478,242,781,2,1021
1562,1024,546,478,241,783,2,1022
1563,1023,545,478,241,782,2,1021
1564,1023,545,478,241,782,2,1021
1565,1023,545,478,241,782,2,1021
1566,1024,545,479,240,784,2,1022
1567,1023,543,480,241,782,2,1021
1568,1023,543,480,242,781,2,1021
1569,1024,544,480,243,781,2,1022
1570,1023,543,480,243,780,2,1021
1571,1021,542,479,243,778,2,1019
1572,1019,541,478,243,776,2,1017
1573,1019,541,478,243,776,2,1017
1574,1019,541,478,242,777,2,1017
1575,1020,541,479,243,777,2,1018
1576,1022,542,480,241,781,2,1020
1577,1022,542,480,241,781,2,1020
1578,1022,542,480,241,781,2,1020
1579,1022,542,480,241,781,2,1020
1580,1021,542,479,241,780,2,1019
1581,1021,542,479,241,780,2,1019
1582,1020,542,478,241,779,2,1018
1583,1021,542,479,242,779,2,1019
1584,1020,542,478,242,778,2,1018
1585,1021,543,478,241,780,2,1019
1586,1020,542,478,241,779,2,1018
1587,1020,542,478,241,779,2,1018
1588,1021,543,478,240,781,2,1019
1589,1022,544,478,241,781,2,1020
1590,1023,545,478,242,781,2,1021
1591,1023,545,478,242,781,2,1021
1592,1023,545,478,242,781,2,1021
1593,1023,544,479,241,782,1,1022
1594,1023,544,479,240,783,1,1022
1595,1023,544,479,240,783,1,1022
1596,1022,543,479,240,782,1,1021
1597,1021,543,478,240,781,1,1020
1598,1021,543,478,240,781,1,1020
1599,1021,543,478,240,781,1,1020
1600,1020,543,477,240,780,1,1019
1601,1018,542,476,240,778,1,1017
1602,1019,543,476,239,780,1,1018
1603,1019,543,476,239,780,1,1018
1604,1019,543,476,239,780,1,1018
1605,1019,543,476,239,780,1,1018
1606,1019,543,476,239,780,1,1018
1607,1019,543,476,239,780,1,1018
1608,1018,543,475,239,779,1,1017
1609,1018,543,475,239,779,1,1017
1610,1018,543,475,239,779,1,1017
1611,1018,544,474,240,778,1,1017
1612,1020,545,475,238,782,1,1019
1613,1019,545,474,238,781,1,1018
1614,1019,544,475,239,780,1,1018
1615,1019,544,475,239,780,1,1018
1616,1019,544,475,239,780,1,1018
1617,1020,545,475,240,780,1,1019
1618,1019,545,474,240,779,1,1018
1619,1017,544,473,240,777,1,1016
1620,1016,543,473,240,776,1,1015
1621,1015,542,473,240,775,0,1015
1622,1015,542,473,240,775,0,1015
1623,1015,543,472,241,774,0,1015
1624,1015,543,472,241,774,0,1015
1625,1015,543,472,240,775,0,1015
1626,1014,543,471,240,774,0,1014
1627,1012,541,471,240,772,0,1012
1628,1012,541,471,240,772,0,1012
1629,1012,541,471,240,772,0,1012
1630,1012,541,471,240,772,0,1012
1631,1012,541,471,240,772,0,1012
1632,1013,542,471,239,774,0,1013
1633,1012,541,471,239,773,0,1012
1634,1012,541,471,239,773,0,1012
1635,1012,541,471,239,773,0,1012
1636,1012,541,471,239,773,0,1012
1637,1014,541,473,239,775,0,1014
1638,1014,541,473,239,775,0,1014
1639,1015,542,473,240,775,0,1015
1640,1015,542,473,240,775,0,1015
1641,1016,542,474,238,778,0,1016
1642,1016,542,474,238,778,0,1016
1643,1016,542,474,238,778,0,1016
1644,1016,542,474,238,778,0,1016
1645,1017,542,475,237,780,0,1017
1646,1017,542,475,237,780,0,1017
1647,1015,542,473,237,778,0,1015
1648,1013,542,471,237,776,0,1013
1649,1013,542,471,237,776,0,1013
1650,1013,542,471,237,776,0,1013
1651,1013,542,471,237,776,0,1013
1652,1015,543,472,237,778,0,1015
1653,1015,543,472,237,778,0,1015
1654,1015,544,471,236,779,0,1015
1655,1014,543,471,236,778,0,1014
1656,1013,542,471,236,777,0,1013
1657,1013,542,471,236,777,0,1013
1658,1013,542,471,236,777,0,1013
1659,1014,543,471,238,776,0,1014
1660,1012,543,469,238,774,0,1012
1661,1012,543,469,238,774,0,1012
1662,1011,542,469,238,773,0,1011
1663,1011,542,469,238,773,0,1011
1664,1011,542,469,238,773,0,1011
1665,1011,542,469,238,773,0,1011
1666,1013,542,471,240,773,0,1013
1667,1011,541,470,240,771,0,1011
1668,1011,541,470,240,771,0,1011
1669,1012,540,472,240,772,0,1012
1670,1013,540,473,241,772,0,1013
1671,1013,540,473,242,771,0,1013
1672,1013,539,474,243,770,0,1013
1673,1012,538,474,243,769,0,1012
1674,1013,538,475,244,769,0,1013
1675,1013,538,475,244,769,0,1013
1676,1014,538,476,243,771,0,1014
1677,1014,539,475,244,770,0,1014
1678,1013,538,475,244,769,0,1013
1679,1012,538,474,244,768,0,1012
1680,1012,538,474,244,768,0,1012
1681,1012,538,474,244,768,0,1012
1682,1012,538,474,244,768,0,1012
1683,1012,538,474,244,768,0,1012
1684,1012,538,474,244,768,0,1012
1685,1011,538,473,244,767,0,1011
1686,1012,539,473,243,769,0,1012
1687,1013,539,474,242,771,0,1013
1688,1013,538,475,243,770,0,1013
1689,1013,538,475,243,770,0,1013
1690,1013,538,475,243,770,0,1013
1691,1012,539,473,244,768,0,1012
1692,1013,540,473,244,769,0,1013
1693,1014,539,475,242,772,0,1014
1694,1014,539,475,242,772,0,1014
1695,1013,539,474,242,771,0,1013
1696,1013,538,475,243,770,0,1013
1697,1013,539,474,244,769,0,1013
1698,1014,540,474,245,769,0,1014
1699,1014,540,474,245,769,0,1014
1700,1012,539,473,245,767,0,1012
1701,1013,539,474,244,769,0,1013
1702,1013,539,474,244,769,0,1013
1703,1012,540,472,245,767,0,1012
1704,1012,540,472,245,767,0,1012
1705,1011,540,471,245,766,0,1011
1706,1012,540,472,244,768,0,1012
1707,1012,540,472,243,769,0,1012
1708,1013,540,473,244,769,0,1013
1709,1012,540,472,244,768,0,1012
1710,1012,540,472,244,768,0,1012
1711,1012,540,472,244,768,0,1012
1712,1011,539,472,244,767,0,1011
1713,1011,539,472,244,767,0,1011
1714,1010,538,472,244,766,0,1010
1715,1011,538,473,245,766,0,1011
1716,1012,538,474,246,766,0,1012
1717,1011,538,473,245,766,0,1011
1718,1011,538,473,245,766,0,1011
1719,1010,538,472,245,765,0,1010
1720,1010,538,472,245,765,0,1010
1721,1009,538,471,246,763,0,1009
1722,1011,539,472,244,767,0,1011
1723,1011,539,472,244,767,0,1011
1724,1010,539,471,244,766,0,1010
1725,1009,539,470,244,765,0,1009
1726,1010,540,470,245,765,0,1010
1727,1009,539,470,245,764,0,1009
1728,1006,537,469,245,761,0,1006
1729,1005,536,469,245,760,0,1005
1730,1005,536,469,245,760,0,1005
1731,1006,537,469,244,762,0,1006
1732,1006,537,469,244,762,0,1006
1733,1005,536,469,244,761,0,1005
1734,1006,537,469,243,763,0,1006
1735,1005,536,469,243,762,0,1005
1736,1004,536,468,243,761,0,1004
1737,1005,536,469,244,761,0,1005
1738,1005,536,469,244,761,0,1005
1739,1005,536,469,244,761,0,1005
1740,1005,536,469,244,761,0,1005
1741,1002,536,466,244,758,0,1002
1742,1002,536,466,243,759,0,1002
1743,1002,536,466,243,759,0,1002
1744,1002,536,466,242,760,0,1002
1745,1004,537,467,244,760,0,1004
1746,1005,538,467,243,762,0,1005
1747,1006,539,467,244,762,0,1006
1748,1007,540,467,245,762,0,1007
1749,1007,540,467,245,762,0,1007
1750,1006,540,466,245,761,0,1006
1751,1006,540,466,245,761,0,1006
1752,1006,540,466,245,761,0,1006
1753,1005,539,466,245,760,0,1005
1754,1005,539,466,245,760,0,1005
1755,1006,540,466,246,760,0,1006
1756,1007,541,466,247,760,0,1007
1757,1008,542,466,248,760,0,1008
1758,1008,542,466,248,760,0,1008
1759,1008,542,466,249,759,0,1008
1760,1007,541,466,249,758,0,1007
1761,1007,541,466,249,758,0,1007
1762,1008,542,466,248,760,0,1008
1763,1008,542,466,248,760,0,1008
1764,1007,541,466,248,759,0,1007
1765,1007,541,466,248,759,0,1007
1766,1007,540,467,247,760,0,1007
1767,1007,540,467,247,760,0,1007
1768,1007,540,467,247,760,0,1007
1769,1007,540,467,247,760,0,1007
1770,1007,540,467,247,760,0,1007
1771,1007,540,467,247,760,0,1007
1772,1007,540,467,247,760,0,1007
1773,1005,539,466,247,758,0,1005
1774,1005,539,466,247,758,0,1005
1775,1005,539,466,247,758,0,1005
1776,1004,538,466,247,757,0,1004
1777,1005,539,466,246,759,2,1003
1778,1004,538,466,246,758,2,1002
1779,1003,538,465,246,757,2,1001
1780,1003,538,465,246,757,2,1001
1781,1003,538,465,246,757,2,1001
1782,1002,537,465,246,756,2,1000
1783,1002,537,465,246,756,2,1000
1784,1002,537,465,246,756,2,1000
1785,1002,537,465,246,756,2,1000
1786,1002,537,465,246,756,2,1000
1787,1002,537,465,246,756,2,1000
1788,1002,537,465,246,756,2,1000
1789,1003,538,465,245,758,2,1001
1790,1003,538,465,245,758,2,1001
1791,1003,537,466,244,759,2,1001
1792,1001,537,464,244,757,2,999
1793,1002,537,465,243,759,2,1000
1794,1002,537,465,243,759,2,1000
1795,1002,537,465,243,759,2,1000
1796,1001,536,465,243,758,2,999
1797,1001,536,465,243,758,2,999
1798,1002,536,466,244,758,2,1000
1799,1003,536,467,243,760,2,1001
1800,1003,536,467,243,760,2,1001
1801,1002,536,466,243,759,2,1000
1802,1001,535,466,243,758,2,999
1803,1002,536,466,242,760,2,1000
1804,1002,536,466,242,760,2,1000
1805,1002,536,466,242,760,2,1000
1806,1002,536,466,242,760,2,1000
1807,1002,537,465,241,761,2,1000
1808,1002,537,465,241,761,2,1000
1809,1002,537,465,241,761,2,1000
1810,1003,537,466,242,761,2,1001
1811,1002,537,465,242,760,2,1000
1812,1002,537,465,242,760,2,1000
1813,1002,537,465,242,760,2,1000
1814,1001,537,464,242,759,2,999
1815,1001,537,464,242,759,2,999
1816,1001,537,464,242,759,2,999
1817,1002,537,465,243,759,2,1000
1818,1001,536,465,243,758,2,999
1819,1002,536,466,242,760,2,1000
1820,1003,536,467,241,762,2,1001
1821,1004,537,467,240,764,2,1002
1822,1004,537,467,240,764,2,1002
1823,1004,537,467,239,765,2,1002
1824,1004,537,467,239,765,2,1002
1825,1004,537,467,239,765,2,1002
1826,1004,537,467,239,765,2,1002
1827,1003,537,466,240,763,2,1001
1828,1004,537,467,239,765,2,1002
1829,1003,536,467,239,764,2,1001
1830,1002,535,467,239,763,2,1000
1831,1001,535,466,239,762,2,999
1832,1002,535,467,240,762,2,1000
1833,1002,535,467,240,762,2,1000
1834,1003,535,468,241,762,2,1001
1835,1002,535,467,242,760,2,1000
1836,1002,535,467,242,760,2,1000
1837,1000,533,467,242,758,2,998
1838,1001,533,468,241,760,2,999
1839,1001,533,468,241,760,2,999
1840,1000,533,467,240,760,2,998
1841,1000,533,467,240,760,2,998
1842,1000,533,467,240,760,2,998
1843,1000,533,467,240,760,2,998
1844,1000,533,467,240,760,2,998
1845,1000,533,467,240,760,2,998
1846,1000,533,467,240,760,2,998
1847,1000,533,467,240,760,2,998
1848,999,532,467,240,759,1,998
1849,999,532,467,240,759,1,998
1850,1000,532,468,239,761,3,997
1851,1001,533,468,240,761,3,998
1852,1001,533,468,240,761,3,998
1853,1002,533,469,239,763,3,999
1854,1001,532,469,239,762,3,998
1855,1000,532,468,239,761,3,997
1856,1000,532,468,239,761,3,997
1857,1001,533,468,237,764,3,998
1858,1001,533,468,237,764,3,998
1859,1001,534,467,238,763,3,998
1860,1002,535,467,239,763,3,999
1861,1000,534,466,239,761,3,997
1862,999,534,465,239,760,3,996
1863,998,533,465,239,759,3,995
1864,1000,534,466,239,761,3,997
1865,1001,534,467,238,763,3,998
1866,1001,534,467,237,764,3,998
1867,1001,534,467,237,764,3,998
1868,1000,534,466,237,763,3,997
1869,999,535,464,236,763,3,996
1870,999,535,464,236,763,3,996
1871,997,534,463,236,761,3,994
1872,998,535,463,235,763,3,995
1873,1000,536,464,237,763,3,997
1874,1002,536,466,237,765,2,1000
1875,999,534,465,237,762,2,997
1876,997,534,463,237,760,2,995
1877,997,534,463,237,760,2,995
1878,997,534,463,238,759,2,995
1879,997,534,463,238,759,2,995
1880,996,533,463,239,757,2,994
1881,996,533,463,239,757,2,994
1882,996,534,462,240,756,4,992
1883,996,534,462,240,756,4,992
1884,996,534,462,241,755,4,992
1885,997,535,462,242,755,4,993
1886,996,535,461,242,754,4,992
1887,996,535,461,242,754,4,992
1888,996,535,461,242,754,4,992
1889,996,535,461,242,754,4,992
1890,995,534,461,242,753,4,991
1891,995,533,462,243,752,4,991
1892,996,534,462,244,752,4,992
1893,996,534,462,245,751,4,992
1894,997,534,463,245,752,4,993
1895,997,534,463,245,752,4,993
1896,998,535,463,244,754,4,994
1897,998,535,463,244,754,4,994
1898,998,535,463,244,754,4,994
1899,997,534,463,244,753,4,993
1900,998,535,463,244,754,4,994
1901,999,535,464,245,754,4,995
1902,998,534,464,245,753,4,994
1903,998,534,464,245,753,4,994
1904,998,534,464,245,753,4,994
1905,999,534,465,244,755,4,995
1906,1000,534,466,243,757,4,996
1907,999,533,466,243,756,4,995
1908,1000,534,466,242,758,4,996
1909,1000,534,466,242,758,4,996
1910,999,533,466,242,757,4,995
1911,1001,534,467,244,757,4,997
1912,1001,534,467,244,757,4,997
1913,1000,533,467,244,756,4,996
1914,1001,534,467,243,758,4,997
1915,1001,534,467,243,758,4,997
1916,1000,534,466,244,756,4,996
1917,1000,534,466,244,756,4,996
1918,1001,534,467,245,756,4,997
1919,1002,535,467,244,758,4,998
1920,1002,536,466,245,757,4,998
1921,1002,536,466,246,756,4,998
1922,1002,536,466,246,756,4,998
1923,1002,536,466,246,756,4,998
1924,1001,535,466,246,755,4,997
1925,1001,535,466,246,755,4,997
1926,998,534,464,246,752,4,994
1927,997,534,463,246,751,4,993
1928,997,534,463,246,751,4,993
1929,997,534,463,246,751,4,993
1930,997,534,463,246,751,4,993
1931,997,534,463,247,750,4,993
1932,997,534,463,247,750,4,993
1933,997,534,463,246,751,4,993
1934,996,533,463,246,750,4,992
1935,995,533,462,246,749,3,992
1936,995,533,462,246,749,3,992
1937,995,533,462,246,749,3,992
1938,996,534,462,245,751,3,993
1939,995,533,462,245,750,3,992
1940,996,533,463,246,750,3,993
1941,996,533,463,246,750,3,993
1942,995,532,463,246,749,3,992
1943,995,532,463,246,749,3,992
1944,995,532,463,246,749,3,992
1945,994,532,462,246,748,3,991
1946,995,533,462,245,750,3,992
1947,993,533,460,245,748,2,991
1948,993,533,460,245,748,2,991
1949,993,534,459,244,749,2,991
1950,991,533,458,243,748,2,989
1951,991,533,458,243,748,2,989
1952,992,533,459,244,748,2,990
1953,992,533,459,244,748,2,990
1954,993,533,460,243,750,2,991
1955,993,533,460,243,750,2,991
1956,993,533,460,243,750,2,991
1957,993,533,460,243,750,2,991
1958,993,533,460,243,750,2,991
1959,991,531,460,243,748,2,989
1960,989,529,460,244,745,2,987
1961,989,529,460,244,745,2,987
1962,990,529,461,245,745,2,988
1963,989,529,460,245,744,2,987
1964,988,529,459,245,743,2,986
1965,987,529,458,245,742,2,985
1966,988,530,458,247,741,2,986
1967,988,530,458,247,741,2,986
1968,988,530,458,247,741,2,986
1969,988,530,458,247,741,2,986
1970,989,530,459,248,741,2,987
1971,989,530,459,248,741,2,987
1972,989,530,459,248,741,2,987
1973,988,530,458,248,740,2,986
1974,989,531,458,248,741,2,987
1975,989,531,458,248,741,2,987
1976,988,531,457,247,741,2,986
1977,989,531,458,246,743,2,987
1978,989,531,458,246,743,2,987
1979,990,531,459,245,745,2,988
1980,989,530,459,245,744,1,988
1981,988,530,458,246,742,1,987
1982,988,530,458,246,742,1,987
1983,989,530,459,247,742,1,988
1984,989,530,459,247,742,1,988
1985,989,530,459,247,742,1,988
1986,989,530,459,247,742,1,988
1987,988,530,458,247,741,1,987
1988,989,530,459,246,743,1,988
1989,989,530,459,246,743,1,988
1990,989,530,459,246,743,1,988
1991,990,531,459,247,743,1,989
1992,985,527,458,247,738,1,984
1993,986,527,459,246,740,1,985
1994,986,528,458,245,741,1,985
1995,985,528,457,245,740,1,984
1996,983,527,456,245,738,1,982
1997,983,527,456,245,738,1,982
1998,985,528,457,245,740,1,984
1999,985,528,457,246,739,1,984
2000,986,529,457,247,739,1,985
2001,986,529,457,247,739,1,985
2002,985,529,456,247,738,1,984
2003,985,528,457,248,737,1,984
2004,984,528,456,248,736,1,983
2005,985,529,456,249,736,1,984
2006,983,528,455,249,734,1,982
2007,983,528,455,249,734,1,982
2008,983,528,455,249,734,1,982
2009,983,528,455,249,734,1,982
2010,982,528,454,249,733,1,981
2011,982,529,453,248,734,1,981
2012,982,529,453,247,735,1,981
2013,984,531,453,249,735,1,983
2014,982,529,453,248,734,1,981
2015,982,529,453,248,734,1,981
2016,981,528,453,248,733,1,980
2017,980,528,452,248,732,1,979
2018,982,529,453,250,732,1,981
2019,983,529,454,249,734,1,982
2020,984,530,454,248,736,1,983
2021,983,529,454,248,735,1,982
2022,981,528,453,248,733,1,980
2023,981,528,453,248,733,1,980
2024,982,529,453,249,733,1,981
2025,983,530,453,248,735,1,982
2026,984,531,453,248,736,1,983
2027,984,531,453,248,736,1,983
2028,984,531,453,248,736,1,983
2029,984,531,453,248,736,1,983
2030,983,530,453,247,736,0,983
2031,982,530,452,247,735,0,982
2032,982,530,452,247,735,0,982
2033,981,529,452,247,734,0,981
2034,981,529,452,247,734,0,981
2035,981,529,452,247,734,0,981
2036,984,529,455,249,735,0,984
2037,984,529,455,249,735,0,984
2038,986,529,457,251,735,0,986
2039,987,529,458,252,735,0,987
2040,987,529,458,252,735,0,987
2041,987,529,458,252,735,0,987
2042,988,529,459,253,735,2,986
2043,987,529,458,253,734,2,985
2044,986,529,457,253,733,2,984
2045,988,530,458,253,735,2,986
2046,988,530,458,254,734,2,986
2047,987,530,457,254,733,2,985
2048,988,530,458,253,735,2,986
2049,988,530,458,253,735,2,986
2050,986,528,458,253,733,2,984
2051,984,528,456,253,731,2,982
2052,986,529,457,253,733,2,984
2053,984,528,456,253,731,2,982
2054,984,528,456,253,731,2,982
2055,984,528,456,253,731,2,982
2056,984,528,456,253,731,2,982
2057,984,528,456,253,731,2,982
2058,984,528,456,254,730,2,982
2059,984,528,456,256,728,2,982
2060,985,529,456,257,728,2,983
2061,987,531,456,257,730,2,985
2062,988,531,457,256,732,4,984
2063,988,531,457,256,732,4,984
2064,988,531,457,256,732,4,984
2065,988,531,457,256,732,4,984
2066,990,531,459,254,736,4,986
2067,991,532,459,255,736,4,987
2068,993,533,460,257,736,4,989
2069,994,534,460,258,736,4,990
2070,994,534,460,258,736,4,990
2071,994,534,460,258,736,4,990
2072,994,534,460,258,736,4,990
2073,995,534,461,259,736,4,991
2074,993,534,459,259,734,4,989
2075,993,534,459,259,734,4,989
2076,993,534,459,260,733,4,989
2077,993,534,459,260,733,4,989
2078,993,534,459,260,733,4,989
2079,993,534,459,260,733,4,989
2080,993,534,459,260,733,4,989
2081,993,534,459,260,733,4,989
2082,992,534,458,260,732,4,988
2083,992,534,458,260,732,4,988
2084,993,535,458,261,732,4,989
2085,993,535,458,261,732,4,989
2086,992,534,458,261,731,4,988
2087,993,534,459,260,733,4,989
2088,993,534,459,260,733,4,989
2089,992,533,459,260,732,4,988
2090,992,533,459,260,732,4,988
2091,992,533,459,260,732,4,988
2092,991,533,458,260,731,4,987
2093,991,533,458,260,731,4,987
2094,991,533,458,259,732,4,987
2095,991,533,458,259,732,4,987
2096,992,534,458,258,734,4,988
2097,992,534,458,258,734,4,988
2098,992,534,458,258,734,4,988
2099,991,532,459,257,734,4,987
2100,991,532,459,257,734,4,987
2101,991,532,459,257,734,4,987
2102,991,532,459,257,734,4,987
2103,991,532,459,257,734,4,987
2104,991,532,459,257,734,4,987
2105,990,531,459,257,733,4,986
2106,989,530,459,257,732,4,985
2107,988,529,459,258,730,4,984
2108,987,528,459,258,729,4,983
2109,986,528,458,259,727,4,982
2110,987,528,459,260,727,4,983
2111,987,528,459,260,727,4,983
2112,987,528,459,260,727,4,983
2113,987,528,459,260,727,4,983
2114,986,528,458,260,726,4,982
2115,986,528,458,260,726,4,982
2116,986,528,458,260,726,4,982
2117,986,528,458,260,726,4,982
2118,985,527,458,260,725,4,981
2119,987,528,459,260,727,4,983
2120,987,528,459,260,727,4,983
2121,988,529,459,259,729,4,984
2122,987,529,458,259,728,4,983
2123,988,528,460,257,731,4,984
2124,988,528,460,257,731,4,984
2125,988,528,460,257,731,4,984
2126,988,528,460,257,731,4,984
2127,987,527,460,257,730,4,983
2128,987,527,460,257,730,4,983
2129,987,527,460,257,730,4,983
2130,988,528,460,256,732,4,984
2131,987,528,459,256,731,4,983
2132,986,527,459,256,730,4,982
2133,987,528,459,257,730,4,983
2134,987,528,459,257,730,4,983
2135,986,528,458,257,729,4,982
2136,985,527,458,257,728,4,981
2137,986,528,458,256,730,4,982
2138,987,529,458,257,730,4,983
2139,987,529,458,257,730,4,983
2140,988,530,458,256,732,4,984
2141,989,531,458,255,734,4,985
2142,988,530,458,255,733,4,984
2143,986,530,456,256,730,4,982
2144,986,530,456,256,730,4,982
2145,985,530,455,256,729,3,982
2146,985,530,455,256,729,3,982
2147,986,530,456,257,729,3,983
2148,986,529,457,258,728,3,983
2149,985,529,456,258,727,2,983
2150,987,530,457,260,727,2,985
2151,988,531,457,259,729,2,986
2152,987,531,456,259,728,2,985
2153,987,530,457,260,727,2,985
2154,988,531,457,261,727,2,986
2155,988,531,457,261,727,2,986
2156,989,532,457,262,727,2,987
2157,988,531,457,262,726,2,986
2158,989,532,457,263,726,2,987
2159,989,532,457,263,726,2,987
2160,989,532,457,263,726,2,987
2161,989,532,457,263,726,2,987
2162,989,531,458,264,725,2,987
2163,989,531,458,264,725,2,987
2164,988,530,458,264,724,2,986
2165,988,530,458,264,724,2,986
2166,989,531,458,263,726,2,987
2167,989,531,458,263,726,2,987
2168,988,531,457,263,725,2,986
2169,989,531,458,264,725,2,987
2170,990,532,458,265,725,2,988
2171,990,532,458,265,725,2,988
2172,990,532,458,265,725,2,988
2173,990,532,458,265,725,2,988
2174,990,533,457,265,725,1,989
2175,990,533,457,265,725,1,989
2176,990,533,457,265,725,1,989
2177,990,533,457,265,725,1,989
2178,990,533,457,265,725,1,989
2179,990,533,457,264,726,1,989
2180,989,532,457,264,725,1,988
2181,990,532,458,263,727,1,989
2182,989,531,458,263,726,1,988
2183,988,531,457,263,725,1,987
2184,989,531,458,262,727,1,988
2185,990,531,459,261,729,1,989
2186,989,530,459,261,728,1,988
2187,989,530,459,261,728,1,988
2188,989,530,459,261,728,1,988
2189,989,530,459,261,728,1,988
2190,990,532,458,262,728,0,990
2191,989,532,457,262,727,0,989
2192,988,531,457,262,726,0,988
2193,988,531,457,262,726,0,988
2194,988,531,457,262,726,0,988
2195,991,533,458,263,728,0,991
2196,991,533,458,263,728,0,991
2197,990,533,457,263,727,0,990
2198,990,533,457,263,727,0,990
2199,989,533,456,263,726,0,989
2200,990,533,457,264,726,0,990
2201,990,533,457,264,726,0,990
2202,990,533,457,264,726,0,990
2203,990,533,457,264,726,0,990
2204,990,533,457,264,726,0,990
2205,991,533,458,263,728,0,991
2206,990,532,458,263,727,0,990
2207,992,532,460,263,729,0,992
2208,991,531,460,263,728,0,991
2209,993,531,462,265,728,0,993
2210,993,531,462,265,728,0,993
2211,993,531,462,265,728,0,993
2212,993,531,462,265,728,0,993
2213,993,531,462,265,728,0,993
2214,994,532,462,264,730,0,994
2215,993,532,461,264,729,0,993
2216,993,532,461,264,729,0,993
2217,992,532,460,265,727,0,992
2218,991,531,460,265,726,0,991
2219,991,531,460,265,726,0,991
2220,992,532,460,264,728,0,992
2221,992,532,460,264,728,0,992
2222,992,532,460,264,728,0,992
2223,991,532,459,264,727,0,991
2224,991,532,459,264,727,0,991
2225,991,532,459,264,727,0,991
2226,992,532,460,265,727,0,992
2227,993,533,460,264,729,0,993
2228,993,533,460,264,729,0,993
2229,993,533,460,264,729,0,993
2230,993,534,459,263,730,0,993
2231,993,534,459,263,730,0,993
2232,993,534,459,263,730,0,993
2233,993,534,459,263,730,0,993
2234,994,535,459,264,730,0,994
2235,994,535,459,264,730,0,994
2236,995,536,459,266,729,0,995
2237,993,535,458,266,727,0,993
2238,993,535,458,266,727,0,993
2239,993,535,458,266,727,0,993
2240,990,534,456,266,724,0,990
2241,990,534,456,266,724,0,990
2242,989,533,456,267,722,0,989
2243,989,533,456,267,722,0,989
2244,989,533,456,267,722,0,989
2245,990,533,457,266,724,0,990
2246,990,533,457,266,724,0,990
2247,989,532,457,265,724,0,989
2248,990,533,457,264,726,0,990
2249,990,533,457,264,726,0,990
2250,991,534,457,263,728,0,991
2251,991,534,457,263,728,0,991
2252,990,534,456,263,727,0,990
2253,990,534,456,263,727,0,990
2254,990,534,456,263,727,0,990
2255,989,534,455,263,726,0,989
2256,990,534,456,262,728,0,990
2257,991,534,457,263,728,0,991
2258,991,533,458,262,729,0,991
2259,991,533,458,262,729,0,991
2260,993,535,458,261,732,0,993
2261,994,536,458,262,732,0,994
2262,995,537,458,261,734,0,995
2263,995,537,458,261,734,0,995
2264,995,536,459,262,733,0,995
2265,993,534,459,262,731,0,993
2266,994,534,460,261,733,0,994
2267,994,534,460,260,734,0,994
2268,991,532,459,260,731,0,991
2269,993,533,460,260,733,0,993
2270,992,533,459,260,732,0,992
2271,992,533,459,260,732,0,992
2272,993,534,459,261,732,0,993
2273,993,534,459,261,732,0,993
2274,993,534,459,261,732,0,993
2275,993,534,459,261,732,0,993
2276,992,533,459,261,731,0,992
2277,991,533,458,261,730,0,991
2278,992,534,458,262,730,0,992
2279,993,534,459,261,732,0,993
2280,994,535,459,260,734,0,994
2281,994,535,459,260,734,0,994
2282,994,535,459,260,734,0,994
2283,993,535,458,260,733,0,993
2284,993,535,458,260,733,0,993
2285,993,535,458,261,732,0,993
2286,993,535,458,261,732,0,993
2287,993,535,458,261,732,0,993
2288,993,535,458,261,732,0,993
2289,994,535,459,260,734,2,992
2290,993,535,458,260,733,2,991
2291,992,535,457,260,732,2,990
2292,992,535,457,260,732,2,990
2293,993,535,458,261,732,2,991
2294,992,535,457,261,731,2,990
2295,992,535,457,262,730,2,990
2296,992,535,457,262,730,2,990
2297,993,535,458,263,730,2,991
2298,993,536,457,262,731,2,991
2299,993,536,457,262,731,2,991
2300,993,536,457,262,731,2,991
2301,993,536,457,263,730,2,991
2302,994,537,457,262,732,2,992
2303,994,537,457,262,732,2,992
2304,994,537,457,262,732,2,992
2305,992,536,456,262,730,2,990
2306,993,536,457,263,730,2,991
2307,993,536,457,263,730,2,991
2308,992,535,457,263,729,2,990
2309,993,535,458,262,731,2,991
2310,993,536,457,263,730,2,991
2311,995,536,459,265,730,2,993
2312,997,537,460,263,734,2,995
2313,998,537,461,262,736,2,996
2314,996,536,460,262,734,2,994
2315,996,535,461,261,735,2,994
2316,997,534,463,261,736,2,995
2317,999,535,464,259,740,2,997
2318,999,535,464,259,740,2,997
2319,997,535,462,259,738,2,995
2320,997,535,462,259,738,2,995
2321,996,535,461,259,737,2,994
2322,996,535,461,259,737,2,994
2323,995,535,460,259,736,2,993
2324,994,534,460,259,735,2,992
2325,994,534,460,259,735,2,992
2326,994,534,460,259,735,2,992
2327,994,534,460,259,735,2,992
2328,995,535,460,258,737,2,993
2329,996,535,461,259,737,2,994
2330,998,535,463,259,739,2,996
2331,998,535,463,259,739,2,996
2332,998,535,463,259,739,2,996
2333,999,535,464,260,739,2,997
2334,1000,535,465,261,739,2,998
2335,1000,535,465,261,739,2,998
2336,1001,535,466,262,739,2,999
2337,1001,535,466,262,739,2,999
2338,1000,535,465,262,738,2,998
2339,999,534,465,262,737,2,997
2340,998,534,464,262,736,2,996
2341,998,534,464,262,736,2,996
2342,999,534,465,263,736,2,997
2343,999,534,465,263,736,2,997
2344,1000,535,465,262,738,2,998
2345,1000,535,465,262,738,2,998
2346,1002,535,467,264,738,2,1000
2347,1003,536,467,263,740,2,1001
2348,1004,537,467,262,742,2,1002
2349,1004,537,467,261,743,2,1002
2350,1003,536,467,261,742,2,1001
2351,1004,536,468,260,744,2,1002
2352,1004,535,469,261,743,2,1002
2353,1004,535,469,261,743,2,1002
2354,1004,535,469,261,743,2,1002
2355,1004,535,469,261,743,2,1002
2356,1003,535,468,260,743,2,1001
2357,1004,535,469,259,745,2,1002
2358,1007,536,471,260,747,2,1005
2359,1008,537,471,261,747,2,1006
2360,1007,537,470,261,746,2,1005
2361,1007,537,470,261,746,2,1005
2362,1007,537,470,261,746,2,1005
2363,1005,537,468,261,744,2,1003
2364,1005,537,468,261,744,2,1003
2365,1005,537,468,261,744,2,1003
2366,1006,537,469,260,746,4,1002
2367,1007,538,469,259,748,4,1003
2368,1007,539,468,260,747,4,1003
2369,1007,540,467,261,746,4,1003
2370,1008,541,467,260,748,4,1004
2371,1008,541,467,260,748,4,1004
2372,1008,541,467,260,748,4,1004
2373,1008,541,467,260,748,4,1004
2374,1008,541,467,261,747,3,1005
2375,1006,539,467,261,745,3,1003
2376,1005,538,467,261,744,3,1002
2377,1005,538,467,261,744,3,1002
2378,1005,538,467,261,744,3,1002
2379,1007,540,467,261,746,3,1004
2380,1007,541,466,262,745,2,1005
2381,1006,540,466,262,744,2,1004
2382,1006,540,466,262,744,2,1004
2383,1006,540,466,262,744,2,1004
2384,1005,539,466,262,743,2,1003
2385,1006,539,467,261,745,2,1004
2386,1007,539,468,262,745,2,1005
2387,1005,539,466,262,743,2,1003
2388,1005,539,466,262,743,2,1003
2389,1006,539,467,261,745,2,1004
2390,1006,539,467,261,745,2,1004
2391,1005,538,467,261,744,2,1003
2392,1004,538,466,261,743,2,1002
2393,1004,538,466,261,743,2,1002
2394,1004,538,466,260,744,2,1002
2395,1004,538,466,260,744,2,1002
2396,1004,538,466,260,744,2,1002
2397,1004,538,466,261,743,2,1002
2398,1004,538,466,261,743,2,1002
2399,1002,537,465,261,741,2,1000
2400,1002,537,465,261,741,2,1000
2401,1002,537,465,261,741,2,1000
2402,1002,537,465,261,741,2,1000
2403,1003,538,465,262,741,2,1001
2404,1003,538,465,262,741,2,1001
2405,1003,538,465,262,741,2,1001
2406,1003,538,465,262,741,2,1001
2407,1004,539,465,263,741,2,1002
2408,1004,539,465,262,742,2,1002
2409,1004,539,465,262,742,2,1002
2410,1005,539,466,261,744,2,1003
2411,1004,538,466,261,743,2,1002
2412,1005,538,467,262,743,2,1003
2413,1005,538,467,262,743,2,1003
2414,1005,538,467,262,743,2,1003
2415,1005,538,467,262,743,2,1003
2416,1005,538,467,262,743,2,1003
2417,1007,539,468,262,745,2,1005
2418,1007,539,468,261,746,2,1005
2419,1006,539,467,262,744,2,1004
2420,1006,539,467,262,744,2,1004
2421,1006,539,467,262,744,2,1004
2422,1007,540,467,261,746,2,1005
2423,1007,540,467,261,746,2,1005
2424,1006,540,466,261,745,2,1004
2425,1006,540,466,261,745,2,1004
2426,1006,540,466,261,745,2,1004
2427,1006,540,466,261,745,2,1004
2428,1006,540,466,261,745,2,1004
2429,1005,539,466,261,744,2,1003
2430,1005,539,466,261,744,2,1003
2431,1006,540,466,262,744,2,1004
2432,1005,540,465,263,742,2,1003
2433,1007,541,466,265,742,2,1005
2434,1006,541,465,265,741,2,1004
2435,1005,540,465,266,739,2,1003
2436,1004,540,464,266,738,2,1002
2437,1003,539,464,266,737,2,1001
2438,1005,539,466,264,741,2,1003
2439,1006,539,467,263,743,2,1004
2440,1006,539,467,263,743,2,1004
2441,1006,539,467,263,743,2,1004
2442,1006,539,467,263,743,2,1004
2443,1007,540,467,265,742,2,1005
2444,1008,541,467,266,742,2,1006
2445,1007,541,466,266,741,2,1005
2446,1006,540,466,266,740,2,1004
2447,1005,539,466,266,739,2,1003
2448,1004,538,466,266,738,2,1002
2449,1004,537,467,265,739,2,1002
2450,1005,537,468,266,739,2,1003
2451,1005,538,467,268,737,1,1004
2452,1005,538,467,268,737,1,1004
2453,1005,538,467,268,737,1,1004
2454,1006,538,468,267,739,1,1005
2455,1007,540,467,267,740,1,1006
2456,1007,540,467,267,740,1,1006
2457,1007,540,467,267,740,1,1006
2458,1009,541,468,267,742,1,1008
2459,1008,540,468,267,741,1,1007
2460,1008,540,468,268,740,1,1007
2461,1008,540,468,268,740,1,1007
2462,1008,540,468,268,740,1,1007
2463,1007,540,467,268,739,1,1006
2464,1008,541,467,267,741,1,1007
2465,1009,542,467,268,741,1,1008
2466,1008,542,466,267,741,1,1007
2467,1008,542,466,266,742,1,1007
2468,1008,542,466,266,742,1,1007
2469,1008,542,466,266,742,1,1007
2470,1007,542,465,266,741,1,1006
2471,1007,542,465,265,742,1,1006
2472,1007,542,465,265,742,1,1006
2473,1006,542,464,265,741,1,1005
2474,1006,542,464,265,741,1,1005
2475,1006,542,464,265,741,1,1005
2476,1006,542,464,265,741,1,1005
2477,1005,542,463,265,740,0,1005
2478,1005,542,463,265,740,0,1005
2479,1005,542,463,265,740,0,1005
2480,1005,543,462,266,739,0,1005
2481,1004,542,462,266,738,0,1004
2482,1005,543,462,268,737,0,1005
2483,1005,543,462,268,737,0,1005
2484,1003,542,461,268,735,0,1003
2485,1003,541,462,267,736,2,1001
2486,1004,541,463,268,736,2,1002
2487,1005,542,463,268,737,2,1003
2488,1005,542,463,268,737,2,1003
2489,1005,542,463,269,736,2,1003
2490,1005,542,463,268,737,2,1003
2491,1005,541,464,267,738,2,1003
2492,1006,542,464,266,740,2,1004
2493,1007,543,464,264,743,2,1005
2494,1006,543,463,264,742,2,1004
2495,1007,542,465,266,741,2,1005
2496,1007,542,465,266,741,2,1005
2497,1007,542,465,266,741,2,1005
2498,1007,542,465,266,741,2,1005
2499,1008,543,465,267,741,2,1006
2500,1008,543,465,267,741,2,1006
2501,1009,543,466,268,741,2,1007
2502,1009,543,466,268,741,2,1007
2503,1010,544,466,269,741,2,1008
2504,1011,545,466,268,743,2,1009
2505,1012,546,466,267,745,2,1010
2506,1011,545,466,267,744,2,1009
2507,1010,544,466,267,743,2,1008
2508,1010,544,466,267,743,2,1008
2509,1009,543,466,267,742,2,1007
2510,1008,542,466,267,741,2,1006
2511,1008,542,466,267,741,2,1006
2512,1009,543,466,266,743,2,1007
2513,1010,543,467,267,743,2,1008
2514,1008,541,467,267,741,2,1006
2515,1009,542,467,268,741,4,1005
2516,1009,542,467,268,741,4,1005
2517,1010,543,467,269,741,4,1006
2518,1009,543,466,269,740,4,1005
2519,1009,543,466,269,740,4,1005
2520,1008,542,466,269,739,4,1004
2521,1008,542,466,269,739,4,1004
2522,1008,542,466,269,739,4,1004
2523,1006,540,466,269,737,4,1002
2524,1004,540,464,269,735,4,1000
2525,1004,540,464,269,735,4,1000
2526,1006,541,465,267,739,4,1002
2527,1007,541,466,268,739,4,1003
2528,1007,541,466,268,739,4,1003
2529,1007,541,466,268,739,4,1003
2530,1007,541,466,268,739,4,1003
2531,1006,540,466,267,739,4,1002
2532,1006,540,466,267,739,4,1002
2533,1006,540,466,267,739,4,1002
2534,1006,540,466,267,739,4,1002
2535,1008,540,468,267,741,4,1004
2536,1008,540,468,267,741,4,1004
2537,1008,540,468,267,741,4,1004
2538,1008,540,468,267,741,4,1004
2539,1007,539,468,267,740,4,1003
2540,1007,539,468,267,740,4,1003
2541,1005,538,467,267,738,4,1001
2542,1006,539,467,266,740,4,1002
2543,1007,540,467,265,742,4,1003
2544,1005,539,466,265,740,4,1001
2545,1004,539,465,265,739,4,1000
2546,1005,540,465,263,742,4,1001
2547,1005,540,465,263,742,4,1001
2548,1007,543,464,266,741,4,1003
2549,1006,542,464,266,740,4,1002
2550,1006,542,464,266,740,4,1002
2551,1006,542,464,266,740,4,1002
2552,1005,541,464,266,739,4,1001
2553,1003,541,462,266,737,4,999
2554,1002,540,462,266,736,4,998
2555,1002,540,462,266,736,4,998
2556,1002,540,462,266,736,4,998
2557,1000,539,461,266,734,4,996
2558,1002,539,463,267,735,4,998
2559,1001,538,463,267,734,4,997
2560,1002,538,464,266,736,4,998
2561,1002,538,464,266,736,4,998
2562,1001,537,464,266,735,4,997
2563,1001,537,464,266,735,4,997
2564,1000,537,463,267,733,4,996
2565,1000,537,463,267,733,4,996
2566,1000,537,463,267,733,4,996
2567,1002,538,464,267,735,4,998
2568,1001,537,464,267,734,4,997
2569,1001,537,464,267,734,4,997
2570,1001,537,464,267,734,4,997
2571,999,536,463,267,732,4,995
2572,998,536,462,267,731,3,995
2573,999,536,463,268,731,3,996
2574,998,536,462,268,730,2,996
2575,997,535,462,268,729,2,995
2576,999,536,463,268,731,2,997
2577,999,536,463,268,731,2,997
2578,999,536,463,267,732,2,997
2579,1001,537,464,267,734,2,999
2580,1000,537,463,267,733,2,998
2581,1000,536,464,266,734,2,998
2582,1000,536,464,266,734,2,998
2583,1000,536,464,266,734,2,998
2584,1000,536,464,265,735,2,998
2585,1001,537,464,266,735,2,999
2586,1002,538,464,267,735,2,1000
2587,1001,537,464,267,734,2,999
2588,1001,538,463,266,735,2,999
2589,1000,538,462,266,734,2,998
2590,1000,538,462,266,734,2,998
2591,1000,538,462,266,734,2,998
2592,1001,538,463,265,736,2,999
2593,1001,538,463,265,736,2,999
2594,1001,538,463,265,736,2,999
2595,1001,538,463,265,736,2,999
2596,1000,538,462,265,735,2,998
2597,1000,538,462,265,735,2,998
2598,1000,538,462,265,735,2,998
2599,1000,538,462,265,735,2,998
2600,1000,537,463,266,734,2,998
2601,1000,538,462,267,733,2,998
2602,1001,539,462,266,735,2,999
2603,1001,539,462,266,735,2,999
2604,1001,538,463,267,734,2,999
2605,1001,538,463,267,734,2,999
2606,1001,538,463,267,734,2,999
2607,1001,538,463,267,734,2,999
2608,1001,538,463,267,734,2,999
2609,1001,538,463,267,734,2,999
2610,1001,538,463,267,734,2,999
2611,1001,538,463,267,734,2,999
2612,1001,539,462,266,735,2,999
2613,1002,540,462,265,737,2,1000
2614,1002,540,462,265,737,2,1000
2615,1002,540,462,265,737,2,1000
2616,1001,540,461,265,736,2,999
2617,1001,540,461,265,736,2,999
2618,1001,540,461,264,737,2,999
2619,1003,540,463,262,741,2,1001
2620,1002,539,463,261,741,1,1001
2621,1002,539,463,261,741,1,1001
2622,1004,539,465,261,743,1,1003
2623,1003,538,465,261,742,1,1002
2624,1002,537,465,261,741,1,1001
2625,1002,536,466,262,740,1,1001
2626,1001,536,465,262,739,1,1000
2627,1002,537,465,263,739,1,1001
2628,1001,537,464,263,738,1,1000
2629,1000,536,464,263,737,1,999
2630,1001,537,464,264,737,1,1000
2631,1001,537,464,264,737,1,1000
2632,1000,536,464,264,736,1,999
2633,1000,536,464,264,736,1,999
2634,1000,536,464,264,736,1,999
2635,999,536,463,264,735,1,998
2636,1000,537,463,265,735,1,999
2637,998,537,461,264,734,1,997
2638,997,536,461,263,734,0,997
2639,996,535,461,263,733,0,996
2640,998,536,462,263,735,0,998
2641,998,536,462,263,735,0,998
2642,999,536,463,262,737,0,999
2643,999,537,462,261,738,0,999
2644,998,536,462,261,737,0,998
2645,998,536,462,261,737,0,998
2646,998,536,462,261,737,0,998
2647,999,536,463,260,739,0,999
2648,1000,536,464,259,741,0,1000
2649,1000,536,464,259,741,0,1000
2650,999,536,463,259,740,0,999
2651,999,536,463,259,740,0,999
2652,1000,536,464,260,740,0,1000
2653,999,536,463,260,739,0,999
2654,999,536,463,260,739,0,999
2655,1000,537,463,259,741,0,1000
2656,999,536,463,259,740,0,999
2657,997,535,462,259,738,0,997
2658,997,535,462,259,738,0,997
2659,998,535,463,260,738,0,998
2660,998,535,463,260,738,0,998
2661,998,535,463,260,738,0,998
2662,997,534,463,261,736,0,997
2663,996,534,462,261,735,0,996
2664,996,534,462,261,735,0,996
2665,998,535,463,259,739,0,998
2666,997,535,462,259,738,0,997
2667,997,535,462,259,738,0,997
2668,998,536,462,258,740,0,998
2669,1000,537,463,258,742,0,1000
2670,1000,537,463,258,742,0,1000
2671,1001,538,463,257,744,0,1001
2672,1000,537,463,257,743,0,1000
2673,999,536,463,257,742,0,999
2674,999,537,462,258,741,0,999
2675,999,537,462,258,741,0,999
2676,1000,537,463,257,743,0,1000
2677,998,535,463,257,741,0,998
2678,998,535,463,257,741,0,998
2679,999,536,463,258,741,0,999
2680,998,535,463,258,740,0,998
2681,999,536,463,257,742,0,999
2682,999,536,463,257,742,0,999
2683,997,534,463,257,740,0,997
2684,997,534,463,257,740,0,997
2685,997,534,463,257,740,0,997
2686,996,533,463,258,738,0,996
2687,995,533,462,258,737,0,995
2688,995,533,462,258,737,0,995
2689,997,533,464,258,739,2,995
2690,997,533,464,258,739,2,995
2691,996,532,464,258,738,2,994
2692,996,532,464,258,738,2,994
2693,996,532,464,258,738,2,994
2694,997,533,464,259,738,2,995
2695,996,533,463,258,738,2,994
2696,996,533,463,258,738,2,994
2697,995,533,462,258,737,2,993
2698,995,533,462,258,737,2,993
2699,996,534,462,257,739,2,994
2700,997,534,463,256,741,4,993
2701,997,534,463,256,741,4,993
2702,998,535,463,258,740,4,994
2703,996,534,462,257,739,4,992
2704,995,534,461,258,737,4,991
2705,995,534,461,257,738,4,991
2706,995,534,461,257,738,4,991
2707,995,534,461,257,738,4,991
2708,995,535,460,256,739,4,991
2709,994,535,459,256,738,4,990
2710,994,535,459,256,738,4,990
2711,993,535,458,256,737,4,989
2712,993,535,458,256,737,4,989
2713,993,535,458,256,737,4,989
2714,995,535,460,256,739,4,991
2715,995,535,460,256,739,4,991
2716,995,535,460,256,739,4,991
2717,994,535,459,256,738,4,990
2718,993,535,458,256,737,4,989
2719,993,535,458,255,738,6,987
2720,992,535,457,255,737,6,986
2721,992,535,457,255,737,6,986
2722,993,536,457,255,738,6,987
2723,993,536,457,255,738,6,987
2724,993,536,457,255,738,6,987
2725,993,536,457,255,738,6,987
2726,993,536,457,255,738,6,987
2727,991,535,456,255,736,6,985
2728,991,535,456,255,736,6,985
2729,991,535,456,255,736,6,985
2730,992,536,456,256,736,6,986
2731,993,537,456,257,736,6,987
2732,994,537,457,257,737,6,988
2733,994,537,457,257,737,6,988
2734,995,538,457,258,737,6,989
2735,996,538,458,259,737,6,990
2736,997,539,458,260,737,6,991
2737,996,538,458,260,736,6,990
2738,996,538,458,260,736,6,990
2739,995,537,458,260,735,6,989
2740,995,537,458,260,735,6,989
2741,994,537,457,259,735,6,988
2742,993,536,457,259,734,6,987
2743,993,536,457,259,734,6,987
2744,993,536,457,259,734,6,987
2745,993,536,457,259,734,6,987
2746,993,536,457,259,734,6,987
2747,992,535,457,259,733,6,986
2748,992,535,457,259,733,6,986
2749,993,536,457,260,733,6,987
2750,994,537,457,259,735,6,988
2751,994,537,457,259,735,6,988
2752,994,537,457,259,735,6,988
2753,995,537,458,258,737,6,989
2754,995,536,459,259,736,6,989
2755,994,534,460,258,736,6,988
2756,990,532,458,258,732,6,984
2757,990,532,458,258,732,6,984
2758,991,532,459,259,732,6,985
2759,991,532,459,259,732,6,985
2760,990,532,458,259,731,6,984
2761,989,531,458,259,730,6,983
2762,990,532,458,260,730,6,984
2763,989,532,457,260,729,6,983
2764,988,531,457,260,728,6,982
2765,989,532,457,261,728,6,983
2766,989,532,457,262,727,6,983
2767,988,531,457,262,726,6,982
2768,987,531,456,262,725,6,981
2769,986,530,456,262,724,6,980
2770,985,530,455,262,723,6,979
2771,986,531,455,261,725,6,980
2772,984,530,454,261,723,6,978
2773,985,530,455,262,723,6,979
2774,985,530,455,262,723,6,979
2775,985,530,455,262,723,6,979
2776,986,530,456,263,723,6,980
2777,986,530,456,263,723,6,980
2778,986,531,455,264,722,5,981
2779,986,532,454,263,723,4,982
2780,984,530,454,263,721,4,980
2781,984,530,454,263,721,4,980
2782,983,530,453,263,720,4,979
2783,983,530,453,263,720,4,979
2784,982,530,452,263,719,4,978
2785,982,530,452,263,719,4,978
2786,982,532,450,261,721,4,978
2787,980,530,450,261,719,4,976
2788,979,529,450,261,718,4,975
2789,980,530,450,261,719,3,977
2790,980,531,449,262,718,2,978
2791,981,531,450,263,718,2,979
2792,981,531,450,263,718,2,979
2793,981,531,450,264,717,2,979
2794,983,533,450,264,719,2,981
2795,983,533,450,264,719,2,981
2796,983,533,450,265,718,1,982
2797,981,532,449,265,716,1,980
2798,981,533,448,266,715,1,980
2799,981,533,448,266,715,1,980
2800,981,533,448,266,715,1,980
2801,981,533,448,266,715,1,980
2802,981,533,448,266,715,1,980
2803,982,534,448,265,717,1,981
2804,982,533,449,264,718,1,981
2805,982,533,449,264,718,1,981
2806,980,531,449,264,716,1,979
2807,980,531,449,264,716,1,979
2808,980,530,450,263,717,1,979
2809,981,530,451,261,720,1,980
2810,982,530,452,260,722,1,981
2811,982,530,452,260,722,1,981
2812,982,530,452,260,722,1,981
2813,983,530,453,259,724,1,982
2814,983,530,453,259,724,1,982
2815,983,529,454,260,723,1,982
2816,986,531,455,259,727,1,985
2817,986,531,455,259,727,1,985
2818,986,531,455,259,727,1,985
2819,988,532,456,259,729,1,987
2820,990,534,456,259,731,1,989
2821,989,534,455,259,730,1,988
2822,989,534,455,259,730,1,988
2823,989,534,455,259,730,1,988
2824,988,534,454,259,729,1,987
2825,988,534,454,259,729,1,987
2826,988,534,454,259,729,1,987
2827,988,533,455,260,728,0,988
2828,988,533,455,260,728,0,988
2829,990,534,456,260,730,0,990
2830,989,534,455,260,729,0,989
2831,989,534,455,259,730,0,989
2832,989,534,455,259,730,0,989
2833,989,535,454,258,731,0,989
2834,989,535,454,258,731,0,989
2835,988,535,453,258,730,0,988
2836,990,537,453,258,732,0,990
2837,990,537,453,258,732,0,990
2838,991,537,454,257,734,0,991
2839,991,537,454,257,734,0,991
2840,990,536,454,257,733,0,990
2841,989,536,453,257,732,0,989
2842,989,536,453,257,732,0,989
2843,989,536,453,257,732,0,989
2844,990,537,453,258,732,0,990
2845,990,537,453,258,732,0,990
2846,992,539,453,256,736,0,992
2847,991,538,453,256,735,0,991
2848,990,538,452,256,734,0,990
2849,990,538,452,255,735,0,990
2850,990,538,452,255,735,0,990
2851,990,538,452,255,735,0,990
2852,989,537,452,255,734,0,989
2853,990,538,452,256,734,0,990
2854,990,539,451,255,735,0,990
2855,992,540,452,257,735,0,992
2856,990,539,451,257,733,0,990
2857,991,540,451,258,733,0,991
2858,991,540,451,258,733,0,991
2859,992,541,451,257,735,0,992
2860,993,542,451,256,737,0,993
2861,993,542,451,256,737,0,993
2862,993,542,451,256,737,0,993
2863,993,542,451,256,737,0,993
2864,991,542,449,256,735,0,991
2865,991,541,450,255,736,0,991
2866,990,540,450,255,735,0,990
2867,990,540,450,254,736,0,990
2868,990,540,450,254,736,0,990
2869,990,540,450,254,736,0,990
2870,991,541,450,253,738,0,991
2871,991,541,450,253,738,0,991
2872,990,540,450,253,737,0,990
2873,991,540,451,252,739,0,991
2874,992,541,451,251,741,0,992
2875,994,541,453,253,741,0,994
2876,993,541,452,253,740,0,993
2877,994,541,453,254,740,0,994
2878,994,541,453,254,740,0,994
2879,994,541,453,254,740,0,994
2880,994,541,453,254,740,0,994
2881,994,541,453,254,740,0,994
2882,995,541,454,255,740,0,995
2883,995,541,454,255,740,0,995
2884,995,541,454,255,740,0,995
2885,995,542,453,254,741,0,995
2886,995,542,453,254,741,0,995
2887,995,543,452,255,740,0,995
2888,996,544,452,254,742,0,996
2889,994,543,451,254,740,0,994
2890,994,543,451,253,741,0,994
2891,993,543,450,253,740,0,993
2892,992,543,449,253,739,0,992
2893,992,543,449,253,739,0,992
2894,991,542,449,253,738,0,991
2895,991,542,449,253,738,0,991
2896,992,543,449,252,740,0,992
2897,994,545,449,253,741,0,994
2898,993,544,449,254,739,0,993
2899,993,544,449,254,739,0,993
2900,993,544,449,254,739,0,993
2901,993,544,449,254,739,0,993
2902,993,544,449,254,739,0,993
2903,993,544,449,254,739,0,993
2904,993,544,449,254,739,0,993
2905,994,545,449,253,741,0,994
2906,994,544,450,252,742,0,994
2907,994,544,450,252,742,0,994
2908,995,544,451,251,744,0,995
2909,997,544,453,251,746,0,997
2910,998,545,453,250,748,0,998
2911,997,545,452,250,747,0,997
2912,996,544,452,250,746,0,996
2913,996,544,452,250,746,0,996
2914,995,544,451,250,745,0,995
2915,995,544,451,250,745,0,995
2916,995,544,451,251,744,0,995
2917,996,544,452,250,746,0,996
2918,996,544,452,250,746,0,996
2919,995,544,451,250,745,0,995
2920,995,544,451,251,744,0,995
2921,995,544,451,251,744,0,995
2922,994,543,451,251,743,0,994
2923,994,543,451,251,743,0,994
2924,995,543,452,252,743,0,995
2925,995,543,452,252,743,0,995
2926,994,542,452,252,742,0,994
2927,993,541,452,252,741,0,993
2928,993,541,452,252,741,0,993
2929,992,540,452,252,740,0,992
2930,992,540,452,251,741,0,992
2931,992,540,452,251,741,0,992
2932,992,540,452,251,741,0,992
2933,991,541,450,252,739,0,991
2934,991,541,450,252,739,0,991
2935,990,540,450,252,738,0,990
2936,990,540,450,252,738,0,990
2937,990,540,450,252,738,0,990
2938,991,540,451,251,740,0,991
2939,993,540,453,251,742,0,993
2940,993,540,453,251,742,0,993
2941,993,540,453,250,743,0,993
2942,993,540,453,250,743,0,993
2943,993,539,454,251,742,0,993
2944,994,540,454,249,745,0,994
2945,995,540,455,248,747,0,995
2946,995,540,455,248,747,0,995
2947,997,542,455,251,746,0,997
2948,996,542,454,251,745,0,996
2949,997,543,454,250,747,0,997
2950,997,543,454,250,747,0,997
2951,997,543,454,250,747,0,997
2952,998,544,454,249,749,0,998
2953,998,544,454,249,749,0,998
2954,998,544,454,249,749,0,998
2955,998,544,454,249,749,0,998
2956,998,544,454,249,749,0,998
2957,999,544,455,248,751,0,999
2958,999,545,454,249,750,0,999
2959,997,543,454,249,748,0,997
2960,998,544,454,248,750,0,998
2961,998,544,454,248,750,0,998
2962,998,544,454,248,750,0,998
2963,997,544,453,247,750,0,997
2964,999,544,455,247,752,0,999
2965,999,543,456,246,753,0,999
2966,999,543,456,246,753,0,999
2967,998,542,456,246,752,0,998
2968,999,543,456,245,754,0,999
2969,998,543,455,245,753,0,998
2970,999,544,455,244,755,0,999
2971,997,542,455,244,753,0,997
2972,996,541,455,244,752,0,996
2973,996,541,455,245,751,0,996
2974,996,541,455,245,751,0,996
2975,996,541,455,245,751,0,996
2976,997,541,456,246,751,0,997
2977,997,541,456,247,750,0,997
2978,998,541,457,246,752,0,998
2979,999,542,457,247,752,0,999
2980,999,542,457,247,752,0,999
2981,1000,542,458,246,754,0,1000
2982,1001,543,458,247,754,0,1001
2983,1001,542,459,247,754,2,999
2984,1002,542,460,248,754,2,1000
2985,1001,541,460,248,753,2,999
2986,1001,540,461,249,752,2,999
2987,1000,540,460,250,750,2,998
2988,1001,540,461,250,751,2,999
2989,1001,540,461,250,751,2,999
2990,1001,540,461,250,751,2,999
2991,1000,539,461,250,750,2,998
2992,1000,539,461,250,750,2,998
2993,1000,539,461,250,750,2,998
2994,1000,539,461,250,750,2,998
2995,1001,540,461,251,750,2,999
2996,1002,540,462,252,750,2,1000
2997,1002,540,462,252,750,2,1000
2998,998,538,460,252,746,2,996
2999,998,538,460,252,746,2,996
3000,999,539,460,251,748,2,997
